"X1","X2","X3","X4","X5","X6","X7","X8","X9","Y","T"
1.00500592557514,-0.593343794041349,1.28286377761284,-1.04298892760328,1.33243222224882,0.129401316740026,-0.0151987749937603,0.168805138410005,0.0218569185476467,-0.226790750832742,0
-0.760720705121216,-1.58041112358227,-0.487447928208281,-0.577725601975365,0.304547148831892,-0.279312400986146,-0.177688469547881,0.237082440835195,0.0256428887315934,0.698153675018746,0
0.141804352989528,-0.424721218727877,0.121479379478106,0.0258002659358558,-0.701600735272729,-0.226939867308489,-0.400163757319634,-0.376573711630861,0.585179327542527,-0.0659534616227713,0
-0.654362063815686,1.32099821549458,0.567702149744276,0.292781505387543,0.438378140698744,0.730446783343004,0.860432841291268,-1.04469782028503,-0.717586225169084,-0.526585312615874,0
-0.747395435316043,-1.23919935835879,-0.644605098701689,0.169694891527342,-0.729833836709465,-1.20169815065632,-2.09991427740188,-0.741992225969826,1.62030020204903,-0.17446755714357,0
0.650879502545832,-0.0605969344160717,-1.44171322891601,-0.0761085361580944,1.28880120387987,-0.587759968905972,0.648885570951694,0.333249212704055,0.848570656526286,1.20821275840082,0
-1.19971520909287,0.0906316356186508,-0.708925449340346,-0.106474561666424,-0.562831586857828,-0.0792921085151741,-2.12239360904721,-0.302930494301128,0.0847946409231086,-0.995203199313987,0
1.11215164153567,0.450958914182508,-2.13878261579463,-1.8744901476742,0.718962397035958,-1.33075778871241,-0.460669349180774,1.08281215885988,-1.38404161146137,0.0667602839948859,1
-0.780101008952805,1.0709814500673,0.14102268724871,0.401705038445947,0.641378707013923,1.34833629216081,-0.555104571342849,-0.404400395532907,1.03701359751639,-0.329841660492894,0
0.050001915982732,-1.21281653543226,0.294054621332655,0.568309660021332,-0.262643061722757,0.803332530169729,-0.569503043791753,0.636132969377892,1.0957269439839,0.807448380078656,0
0.520546960658875,-0.361874727780941,-1.00438839551149,0.906518968268524,2.33961198582986,1.61884690201709,-2.06285502921406,0.198452982168555,-0.0655372285511897,-0.852580417130399,0
-1.4007215925383,-0.784353781946863,-0.260283879011375,-1.53390106775881,-1.62569224747791,-2.02400308927456,-0.879432527360828,-1.26617772893203,-1.05840200733527,-1.13266455263317,0
-1.2359688045027,-0.133961518479476,0.0131367248396801,0.649653317234759,-1.33976239668468,-2.06359933865179,0.0701909964306659,-0.734620628212165,-0.110639478637886,0.161211192915491,1
0.299163893600776,0.479910147952646,-0.869231034232825,-0.55722202270804,-0.816196414227708,-1.52098978769434,-0.203906805332021,0.679548027180106,0.663943079653362,0.588218770541082,0
-0.257289700770594,-1.43667144559714,0.500138136001059,0.172291292744205,-0.449878571035937,0.117589060523645,-0.169851489819947,-0.50874699134587,-0.381227177306806,-0.398715119945777,0
0.604484562313074,-0.613307282734451,-0.6448373863168,-0.71906065875626,-2.26285064879166,-1.64625456401919,-0.759386160196049,0.390219518114635,0.031961483452433,-0.0565659884803812,0
0.157496613452609,-0.00276246442485007,-1.27551007718911,1.42944714451781,-0.612684384619647,0.888415221984256,-0.172196312332868,-1.40213088275058,-0.769247771406338,-0.984158147108742,0
-0.254340941057021,-0.73341084091142,-1.19599491457574,-1.18615235423585,-0.462164260145178,-0.595235594608389,0.0696896868946625,-1.18369212060741,-1.38203991999864,-0.79014097951405,1
-0.455391661680565,2.05136277844062,0.403572721018797,-1.8652884326752,0.487392752885797,0.340528739545507,-0.0246738564902587,2.74424260512972,0.0915357043459064,0.704894619025059,0
0.141680880151783,-0.74142587448633,-0.828683522095729,-1.26597599025492,-0.1755265645286,-1.09033530545313,-0.505436410409715,-0.293955012047213,0.528040268736507,0.193947100203559,0
-0.455594730276842,-0.914834988928,-2.43529585074488,0.882447680430056,-1.02077075427217,-0.721594504357018,-0.127669259180281,-0.190464702447166,0.165142543739585,0.89120068557818,1
0.313872019859019,-0.273250275842827,0.373745975793608,0.81202945800485,1.60533743940764,1.61708540585966,0.306665920420815,0.0873035495945326,-0.215763557061239,-0.0639881537914048,0
0.902825997486414,-0.0895506601267917,-0.181870099084908,0.108042460261088,0.171661917709581,-0.343637416772864,-1.79562156197441,-1.04000291873961,0.712150742746535,-1.39411586724394,0
-0.0219150538390516,0.583008330771388,-0.749144002182975,1.01350987752732,0.871188434533368,0.0945962654304434,-0.220425673318795,-0.229985272642692,0.220714724307849,0.107277520479566,0
-0.00268496808996768,0.304013220627966,-0.74991726370524,1.61312241077561,0.335663711701783,-0.463597065458192,-0.740644543736278,-2.11442653407112,-0.785304252392955,-1.79845413118711,0
-1.09425890872436,-1.53421305189795,-1.01789781578174,-0.764325660291076,-0.805134646630583,-0.435448298343692,-0.30829307231124,-1.34234159185675,-0.330761961429078,-0.308554048383643,0
2.11288437877251,-0.13592293242766,-0.339365522690483,-0.0475981207033934,0.515984556165418,-0.673875281777464,-1.28792413660643,-0.958144457262004,-0.457907092467011,-1.73297133003153,0
1.92192112025361,1.60663870204193,2.12403788536236,-0.20966477845568,2.20883280173083,1.00447644609238,1.83102289765477,0.0212442850071656,1.77381581777122,0.635352152029734,0
-0.985170388323437,-1.08721744989071,-0.542373723841386,-0.186602621156751,-0.236486974474289,-0.0162525757946126,0.0370006813798645,0.209165649232912,1.22387443117621,1.60284839444733,0
-1.10917172263535,0.205104576889979,-1.01188370238708,0.964125994660893,0.79427796112943,0.197466696440402,0.543445013478657,1.77293047131406,-0.0854872616599672,1.74833657124946,0
-0.68175747107003,-1.34528337822937,-1.16182293821379,-1.30537009239118,0.367494527753796,0.219505855354706,-0.594495133941258,-0.0539133307036459,-1.07741554369517,-0.276755221364267,0
0.653871860938476,-1.52699235324451,-0.199237587856002,-0.96400131712603,-0.786449771725836,-0.334322157228534,-2.75785738533788,0.257788011519061,-1.38396759219161,-1.79969548547335,0
-1.19507723074005,0.493292034875885,0.554847977863721,0.0238602112692492,-0.489805404488407,1.52254266197441,1.24377284733842,-0.0918841816101562,0.291378296467572,0.72735982276764,0
-0.553554391116985,1.54483321530248,0.340164969204038,-0.357007151674777,0.467598950516954,-0.218036931011725,-1.79482054905371,-0.520465917171393,-0.344865624789465,-1.74073149233171,0
-0.836011470485177,-0.64766060397366,-1.73869391958756,0.612882129227026,-0.0937872647974221,-1.24977576529061,0.553375142958282,-3.27453725715944,-0.908480416376262,-1.08211430172971,1
0.836098265724064,-0.636952342820819,1.62906952089289,-1.65605226214406,-0.75740352629979,-0.535775387375938,0.734117637944952,-0.635184309063753,1.80383842727431,0.394738998856354,0
-0.737964343817297,-0.904516438902843,-0.203893426029302,-1.1417980314906,-1.38131859263268,-0.763746551969497,0.774474718512139,-0.805271079021392,-1.26875299421418,-0.191501348459541,0
1.67670884307136,1.71191644727731,0.356692949583394,-0.433922300920947,1.46571091079346,-0.170841094414179,0.141819589557836,2.87387234356924,-0.205484822652201,0.808442684904263,0
-0.280634395012091,-0.231780124943076,-0.312567372348736,0.937351213055058,-0.605154567885374,-0.036181503205436,0.433055245189311,1.79687498177157,1.85111957449121,2.32101907121907,0
-0.105437145157627,-0.588685183476066,-0.0287327630958553,-1.67473402530581,0.753876192545875,-1.63636627034066,0.588365570343471,-0.611184457837053,0.401001366272383,0.340495280000951,0
0.412418672312909,-1.3598983767244,0.768929839133257,-0.377053357606453,0.173090037777355,0.614168516063554,-1.39173744611801,0.713805874080891,-0.101255551313082,-0.599899518318317,0
0.494607367195037,0.309551864665279,0.311012514836043,0.214145452961093,0.631642850731077,0.153304708050076,1.52231981122801,2.21899259540648,1.44661335885124,2.44972601434065,0
-1.55835984603372,-0.648222237952885,-1.10799643401784,-2.86044046394832,0.0763839411011433,0.0559287140862122,0.938294089607349,0.14989287390439,-0.544427902694921,1.04251905481086,0
0.239975704988566,-0.381129739666962,-0.0648746903645002,-1.28028325520081,-0.648230479655627,0.32815678002091,-0.102246499138771,0.578101955685165,-2.14366818262422,-0.822558062039148,0
-0.267851405618303,0.28857034114579,0.605323545884174,0.296372106353037,-0.308102466635336,0.336714477979191,0.513254729738579,-1.33751263537968,0.131167889721362,-0.748144640558504,0
0.708558744520097,-0.676955735891598,-1.49218504194385,-0.676885341496826,-1.18503749196759,-0.871254927406434,-1.57050385684469,-0.961289161105229,0.0190379745292919,-0.882126544469482,0
-0.27223512804404,-0.245021731894738,-1.23537078173321,0.26646053459616,-0.159626568661762,0.597321602502563,-0.561646056786604,1.79666894122544,0.0789340777995928,1.24860357796265,0
1.50194087316356,0.293601924608801,0.667250632474136,-0.347961177548529,-1.12237226108528,1.24539831202641,-0.328602380341354,-0.13070953331497,0.6207404863743,-0.456694376536853,0
-0.0486964925564519,0.617055899363667,-0.641833398711802,0.163877778670455,0.642706393223794,0.326682624889704,0.931208832005298,0.528015995110805,-0.541637502876862,0.640180274776519,0
-0.374244775418528,-0.377543981047366,-0.145977978979575,-1.93878181451287,-0.576899276314032,-1.0414778552224,-0.961153638190414,-2.18939942572314,-1.6502099849061,-2.15076148820564,0
1.29306648373846,0.457933729092647,0.937435864258611,1.56747367828048,1.63817133692899,0.441738319718597,-2.29436672098249,-0.605636651652533,-0.586296135171658,-2.62555374141562,0
-0.110191924360699,-2.19842381226486,-0.426093420129954,-0.938822217088243,0.0408407872514605,-0.122800683957767,0.974334544001864,-1.36053391293888,0.742771038353862,0.726899176566671,0
0.00400018759714213,-1.5163638989453,0.815582348752546,0.386675699545204,-0.348453528297024,-0.504968971859409,-0.131268801941541,-0.98439971237418,-0.263962277308559,-0.575833661588795,0
0.76095024230996,-1.93660547557626,-0.221323011408555,-0.216269082804145,-0.943246703412236,0.288908360166244,-0.172191814370563,0.866286693704752,0.0128215521842353,0.73962475979169,0
-1.02549108252319,0.422286965138754,0.843033597991335,-0.536352613981687,-0.208226618315457,-2.36761419156481,-0.663895743481961,1.16191856299759,-1.29707990500405,-0.435929831173281,0
-0.854451002072722,1.05897501467162,0.170242085021356,-0.592797891126635,-0.476346861093105,-1.16028638471313,0.242304993495514,-0.624486382973178,0.537797970695472,0.0502809004849593,0
0.798302028134214,-1.16889159788491,0.700003313665276,-0.361456047464741,0.608889382221258,-1.64224126393576,0.128482634773847,-0.0346634508272368,0.246616524041885,0.0721281519284499,0
0.572043104518069,1.3382886141147,-0.728995866319383,1.00455181472443,0.388675955727849,-0.295154794024604,-0.356557275516489,0.811274828954412,-0.0219285423537537,0.289919248396686,0
-0.0505995229240647,-0.266932746838627,-1.01548280302904,-0.704886980033696,-0.48947807404964,-2.72976857566815,-2.0263212154957,0.491666995530291,-1.2587097066533,-0.842457156883995,1
0.528113302889516,0.985543455611106,-0.326771105878794,2.07146892595782,1.10882664634625,0.150707761327717,-1.26023422007449,1.05555380959061,0.408863980651486,0.04747151037507,0
0.436330153955404,0.233200475828885,0.132551538453715,-1.04073228671196,0.695404896294129,0.722843998257508,2.31804351167299,1.35262184976886,-0.456183558639845,1.72278642253234,0
1.34812923505416,0.933726304075933,1.25278765810646,0.68061523177536,0.261924732121678,-0.0496718694892187,1.48760320995087,0.294133773536052,0.188555004231136,0.253390917830463,0
-1.10552294716251,-0.0966318438124935,-2.32010793606901,0.995073318761234,-0.910033362753777,0.000677801353301644,-1.60024805849418,-2.2757543042701,-1.16191016292932,-1.76553686957316,1
0.871498136252471,1.25692326102134,0.608850277101356,1.49489758113759,0.798315137969823,-0.123624003602007,1.23496928995311,0.571532716511652,1.56305284820103,1.35966112734354,0
1.36391242503514,1.69298003529248,-1.67402845595729,0.255952543710327,2.29360630180583,0.635576753068202,0.216793338519578,-0.284487944366662,-0.385851918637952,-0.316061902370924,0
-1.42744140395598,0.872660077294543,0.799585257077502,0.20049097234854,-1.27651950044321,-0.469937048091039,2.18322782759601,0.928817524708366,0.977409413724581,2.30939808829654,0
-1.06363631632318,-0.0956607870741221,2.87136311563031,-0.428526288227838,1.51244071068235,0.179434383830506,-0.107162536856047,2.00988974270428,0.617038742940857,0.648394176856084,0
0.183418851823516,1.24929708504048,-0.735227321125,-0.426069277133363,1.11374772835801,1.60128494670159,-1.07413503628878,1.13553266673744,-1.59073899432335,-0.970010749065863,0
0.0357155472789433,-1.59215292275139,-0.214081554902311,0.378445684490384,0.350009042498333,1.24807550739353,-0.413218299374783,1.82746956049456,-1.96275605966637,0.221942888861777,0
1.28335790927769,0.641457311240467,1.22259283740514,0.372116836670513,0.925356686603713,-0.643706025478757,-0.195753581753561,-0.322557212479394,-0.0214279792307428,-0.991790657510859,0
0.938142275670664,1.57209447270048,0.314436564565786,-0.913617381389888,0.640530362641421,2.03537232084074,1.97106211358808,0.661546162575708,1.58255829847606,1.51973330060958,0
-0.56050038627496,-0.210175287926169,1.57252025686036,-2.43404611443381,-0.540627142563331,0.508685175757735,-0.767724235846415,0.039687399370842,-0.504734626735219,-1.15718865275894,0
0.740042028009999,-0.417548886530061,0.169404538774258,-0.533982729978672,-0.23100442193165,-0.908003728164133,-0.00203395393520901,-0.823723277985361,0.217587289422049,-0.422424755690371,0
0.109652438402148,0.729412972389889,0.899471888951723,1.03882939622272,-0.921644445267039,-1.0677366695174,1.06909142531238,0.416220318603486,1.67121222378904,1.40523567965357,0
-0.285965349465029,-0.614560246033379,-0.864101729699295,1.37394453985033,1.37309680220365,-0.447599313817445,0.202265126821408,-0.895726189714877,1.32839189407691,0.850300426556451,0
0.699767143421346,-0.439856378296375,1.29361819754498,1.1564804524687,0.162943484943808,-0.739038993590219,0.536117591290408,0.0299231234362762,0.621263930255471,0.204837979100589,0
-0.162890256424748,-1.42161614339076,0.0717920835470396,-0.97854471569575,-0.228856828333106,-0.583696414777389,-0.211263286877061,-0.757931599877853,-1.60952599460896,-1.03662979816937,0
0.511083823180483,1.0996976422251,-1.01429490132125,2.04370444574172,2.1044677904684,1.51594544907646,-2.07973534319908,-0.768913891258104,1.80343091117633,-0.801143377006863,0
1.08272356033148,1.50905292058595,1.25192761383954,0.863077083122016,1.7837222373121,-0.813904175826346,0.33226793968784,0.0833393082418814,1.92251268641589,0.31086317496739,0
1.55263406602049,-0.99180379503295,0.0818888798881887,0.649738584629262,-0.868155244565067,-1.61265028172422,-0.323060412217385,-0.702807823561737,0.70546030543881,-0.151780995349737,0
1.97749633155398,1.64633218839515,-0.0428964005746691,0.160522003175946,0.0451337744176931,0.815304143725687,1.23096123291316,0.901374917468148,0.56997590434595,0.735195070425003,0
-2.21013988804882,-1.24548957493644,0.524638240379545,-0.924531882204264,-1.03018078621553,-0.444608665745565,-0.813636498293226,-3.15504441107846,-1.38288210100138,-2.38725877582571,0
-0.526730867337113,-0.239468447707343,1.47725559474319,0.0162283164756765,0.39142494416442,0.361302907124176,1.55096664358619,-0.160028837820222,-1.0594946616648,0.0685564538194667,0
0.55638505095334,-0.668045502732472,0.12087331558936,0.869812993937553,1.66158053213872,-0.20669800308849,0.762107071394242,0.22417988471925,0.0333567277422767,0.520832703936979,0
-0.767245590101551,0.675692505927696,-0.117841744339105,-1.60997447135887,-0.546555751263046,-0.979061176895349,0.580257798223587,0.70179958493438,1.98121964965007,1.79951904638524,0
-0.0974679926744645,-1.60973511885611,0.157087807058883,0.144396214007109,-0.953364919216081,-0.775524555159256,-0.0940222779591733,-1.29413614449128,-0.622778943124421,-0.843850349359387,0
0.217363258476237,1.70886964948289,0.454035401552,0.119360062389292,0.328597485641216,0.694906827454563,1.81791652720149,0.656871723434491,-0.0671572285323345,0.925322063693791,0
0.305277595665951,-0.974736426269463,0.107346477570294,-0.951280359562001,-0.382947909042923,-0.289153432126677,-0.215158786356135,-0.812053621264016,-0.577105589181241,-0.800894537059898,0
0.10949051891209,-0.353522998213094,1.71153146421417,0.153121014924193,0.53828248714838,0.812623124812183,0.334560952103766,-0.379887294625571,0.401084539885428,-0.289611576044928,0
1.41198953938835,-0.856580516149119,-0.987123964904134,-0.832012917219083,-0.506245339550421,0.169417647181388,-2.30627373251053,-1.38477753308176,-2.79994537097165,-3.23998112136701,0
0.651664443526187,-0.560571319425511,0.468262858251044,0.384114277423843,0.294719031622415,-0.186323800418316,-1.48127702780287,-0.872851478011718,-0.120440493117974,-1.29666299780004,0
-0.671996000978503,0.843711116311947,-2.17383511281444,-0.866147884176384,-1.79641238633174,-2.33645520005333,-0.89844817371923,-0.66423416150705,1.31833814694181,0.21224957312865,0
0.985935822303299,-0.620288241344836,-0.00866883448044707,-0.559830185310674,-0.448448644601221,-1.30500033827148,-0.820879688232726,-0.0290712662859865,-1.07939609808997,-1.18828567456442,0
0.0672737709391776,-1.60375721697151,1.62770143198538,0.308447656411062,0.497224209346842,0.708257583434358,0.618457587452411,0.0555509944967495,0.15979317725432,0.130790867044113,0
-1.23278651692209,-0.471049247227253,0.513778671102638,0.221926627710234,0.795238832743141,-0.564314294548576,0.651099365791736,0.203972831216928,1.43249599453045,1.41087718470494,0
0.530347337423619,-0.513480228299236,-0.384289321398239,-0.893349205026794,-0.287111387775699,0.346618558957146,-0.296981340774503,-0.091368714052541,0.699264590016357,0.170319083901164,0
0.845113754719968,1.54070051286859,1.90128899999697,1.46657360021448,1.78105178109973,0.523898625825892,1.6246060836653,0.70419604142859,1.22579709820082,0.878767319363781,0
0.339043097788985,-0.097289953114068,-0.140990758744678,-0.422392766416699,-0.720290981399638,-0.982811616554472,-1.4981085286577,0.999220410634912,-1.71240094295718,-0.959294827970658,0
-0.527520943152742,2.52260284542016,1.1992574419239,-1.48852259097514,0.675724078701842,-0.162594849231145,1.26390484490271,-0.592822733469776,0.561210837759163,-0.0822192683355819,0
-0.906944241715494,0.27451349114772,0.763228078317253,-0.967716434722317,0.513867597010197,-1.72654231731761,-2.53280375664193,-0.733656032643382,-0.755962224843274,-2.37520002309308,0
-0.92776748645647,-0.69618315430651,-1.72142738298911,-1.08719302756413,-0.510425934590113,-0.271582624329343,-0.0755603422802058,-2.06977505319161,-0.359326744773625,-0.560355758500277,0
-0.654230917112249,-1.48467587592998,-2.47708234015073,-0.452336342626396,-0.355913978436805,-0.789565340586654,-1.65191041562893,-0.507596212640271,-1.30946884423258,-0.849724802206448,1
-0.206062214697557,0.336818400283276,1.62118128881858,0.943952027804387,-0.404923093820877,0.599526148675926,-0.809109103180968,1.32125110839687,2.15218229813696,0.608029374255102,0
0.317880528101593,-1.04942655030345,0.0730457844712808,0.483353194281048,-0.98849015279881,0.10977300829054,-1.25120523270508,-0.964571387510203,-1.35726048550683,-1.78005787851357,0
-0.548546061418161,-1.56825680233085,1.63847396602989,-0.621225886036582,-0.140522356922539,-0.89868384905058,-2.03359919454431,1.09359442258734,-0.0972205545368054,-0.664757301023153,0
-0.573888700266791,0.243272535338826,-0.17870978422071,-1.49106800694057,-0.419008742603679,0.338389772777554,0.170679929818119,-0.469078854867975,-1.60333154586981,-0.944942066380409,0
0.357956295765525,0.7148468901304,0.300281170058728,0.178734959639347,0.051370772173551,0.41093425260335,0.779062582708977,2.22038240879183,0.425101389598594,1.55438174564378,0
-0.75533833709157,-1.76579482737803,1.03631655938065,-0.113245903499592,0.00715461224303509,2.30613824122886,-0.133347149977101,-0.686389476835549,-0.482605120508281,-0.747489473640579,0
0.987551731895601,0.399022564797432,-0.917096229770277,1.29277407505591,-0.93771392459251,0.709779311318366,-0.00529559593453958,-0.611574923314296,1.270057503142,0.253566386192954,0
-0.787077980659229,-0.333521017224828,-0.364633526217201,0.482802031417909,-0.916469779424149,1.33679029200725,0.942818566673705,0.96766646567608,0.715844029162344,1.75589056957113,0
-0.108774418502388,-1.44206961354416,-0.849950783495674,-0.146150167958303,0.147666424020483,-1.78054308819991,-1.18752304926504,1.74342724074797,-1.41978928947933,-0.0197592474372206,1
0.504453487385577,1.87591350417446,2.26026625570802,1.30472598727999,0.935008439675723,0.645609854918373,-0.424803583321852,0.370152162943256,0.635411144319286,-0.794251713686855,0
-0.729508451574293,-0.413346471747255,-0.499326422270437,-1.92255783405029,0.0138078072481777,0.257449067221043,-2.20761088873149,-0.763693634729871,-1.92047757616318,-2.43572296847254,0
-0.972886878476268,0.811822558660975,1.01067409246068,-2.96313308478938,-0.568006204875039,1.32656004672656,1.16274416542419,0.67424864957609,0.635128684911361,0.835051404133456,0
0.896640903974865,0.641748087308943,-0.0420548598053427,-0.382782783447008,2.06959251063209,0.778047217453959,-0.645196580195521,-1.15204517132054,0.959132732523247,-0.981190595250244,0
0.932905249730547,-0.783481069742222,0.148303118293472,-0.953658644526972,-0.210090937100951,-1.79549821370201,-0.242421726141255,0.518886537006033,0.844639863836396,0.639488219804486,0
0.460486740425084,-0.260430309688668,-1.97498661476343,-1.06041530562872,0.0557758042811835,-2.27706869216493,0.829151841457341,-2.27699347528323,1.16464764992817,0.150507107551334,1
0.81511054759624,0.483817283457511,-0.675347592587406,-2.10134482688036,-2.54962431929931,-1.1169858013905,-2.42942029941245,-2.39053421802034,-0.802832408025646,-3.31182958982361,0
0.0367135998621404,-0.413265027365812,-0.72382508935467,0.346448213301384,-0.395434492546729,-0.177388369592282,-0.712613648169182,-1.92775870081029,-0.17142948757023,-1.29708783934197,0
1.18111622881263,0.929497166503837,1.90725486143785,0.47349402520414,-0.150752166892074,0.137138271748019,0.737711075312948,0.399825901966237,1.79468270952747,0.679395828016857,0
1.15638372473832,0.65192474712027,0.0765438687227259,1.89192500142364,0.513086848254293,1.59030400779024,0.59175708952429,-0.883176910219316,-0.31830764042773,-0.622564299344072,0
0.956755817861078,-1.351048381021,0.96561653823794,-0.34728246841529,-0.719727998446036,-0.502771884311428,0.179629367947306,1.20540511348225,-0.83758864128273,0.435951722801215,0
-0.526255043229009,-0.210972796457525,-0.879817668749664,-1.10217998385764,-1.5155797774874,-0.943290236764859,-0.508719147423543,-1.19158563962202,-1.32207660846713,-1.11869345443089,0
-1.76502486843021,0.582598914408614,-0.0633288688301521,-0.525723907643846,-0.834924500776321,-0.533584943411738,-2.35269008298704,-1.79386092215684,1.38410189238424,-1.36882204683607,0
1.01379229931883,1.08891473263554,-1.75048926523171,1.23623307925211,1.17488710396827,0.847694345700585,0.207105247508644,0.960275689588318,1.70103882372149,1.51213706784875,0
-0.0358518651683004,-0.286257686296177,0.96971722406474,-1.54235521195803,-0.0234437341398955,-1.06809825931866,-1.3517265784533,-1.37784356717514,-0.234324988072886,-1.63775503720964,0
0.277805334612494,0.617127580257467,-1.00628382737969,0.657532548746388,0.564389232495229,-2.0779365109249,-0.194784141164028,-0.488769061998369,-0.299588710519788,-0.205738942215464,1
-0.841197343318086,0.564616846519816,-0.0136554880810845,0.399913360188743,-0.178453150605567,-0.0171197047967067,-0.494843212855196,-1.34100538556171,-0.924332447899498,-1.40344980453257,0
0.406074451519036,-0.1450924117286,0.527308133564253,-0.578287675026964,-2.33586119576035,-0.323475314473111,0.46188998987014,0.227103062033716,-0.337588760481625,0.0234155829665653,0
0.10556831970984,-1.10865047657547,0.315734015897574,-0.156359443119952,1.32618505476668,0.274830729602044,0.128064758717568,-1.38080663081154,-1.79658438883152,-1.22963112199978,0
0.607101660775466,-0.147040910517675,-0.17933457654193,1.24806045469524,-0.289713123300384,0.178657895220714,-0.176493532905701,0.877882876715728,-0.136304910718677,0.562087667021399,0
-1.26059607563223,-0.453324181495855,1.40704135377644,-0.775518949868764,-0.548229487892167,-0.373361517200458,-1.10345413319954,-2.10993066965618,0.669176014664301,-1.51441246263677,0
-1.33733919080895,0.124114982553628,-0.621164928453254,0.452178752471646,0.490945171370891,0.186518307766583,-0.678911838059523,1.22453795337698,1.10283777358593,1.32103684188553,0
-1.0384522117296,-1.08049303852509,-0.309980528329902,-0.883950195183411,-0.553042249036943,0.190905599437217,-0.179318343168876,-0.176408183158804,-1.12904495567036,-0.168318818522795,0
-0.804378613768878,-1.02806069877218,0.0470299986992745,-1.39301080246932,-0.383465001672158,0.387423689363287,-0.173976074327783,-1.76586717517576,-0.346723851817988,-1.14890920390064,0
-0.133474012920589,-0.594619226843122,-0.0327013536656251,0.00856543973569493,-0.493187638165769,-0.109214718348935,-0.660180052661449,0.52768194120599,-1.02947982421482,-0.625790352581123,0
-0.0535865959522016,-0.947382576080137,1.48220682112047,-0.217261225533331,2.15552347082546,2.61920228008666,-0.604453090738213,-0.915460192964461,-0.51345521657968,-1.45711607611512,0
0.875312306433553,0.136036276310725,1.40457115668357,1.97750543169285,2.4520041548529,1.49629620698224,1.05463453710557,2.31016952678307,2.36536890639202,2.4101790177708,0
-1.13687284679599,-0.30792045895397,-0.0847086955225762,-1.21735042794174,-1.49602037637955,-1.08885659621313,-0.695928472689644,0.185461028939804,-0.419736160348928,-0.0939881249047072,0
-1.12441967876738,-0.0886027784975726,-0.428142377008642,-0.882294051842661,-1.83551805457195,0.12537184814568,-2.84619448259245,-0.940417343354527,-0.181890171823889,-2.10835093108638,0
0.654881621082352,0.613510325271803,0.189151390388714,0.27122110834182,1.8436387335288,0.396484388558824,-0.883137767900018,-0.470208209449728,0.782840710465569,-0.58349357918253,0
0.382955650110707,1.06132906513969,0.0497173407201847,2.01629604151246,-1.11822582988587,-0.054197147558597,-0.248104304651702,0.878382402947172,-0.799793136052165,-0.435440931044848,0
-0.772320499595741,-0.0452051181464086,-0.150179879016504,1.57195087501743,-1.03589482238447,-0.266313245846801,0.643531680019834,-0.699211224598179,-1.59376287581817,-0.577925748299604,0
0.498421978613586,1.21961410790531,-0.19593712410462,-0.650559006680684,-0.0456400644800702,-0.915386297949245,0.971049071411207,-1.43622400658568,0.12522309811018,-0.38554494976526,0
1.16213676798741,0.445155659297761,-0.353309407461768,2.0446456969863,1.84325540874093,1.69333952364726,0.327044598722623,-0.209786737793377,-0.568056315966783,-0.253731042245224,0
0.693541622851769,0.379937344320656,1.55307009246246,0.579579086222131,1.06255022967825,0.636441739327313,0.548225284790917,0.0936553270114029,0.794492079831428,0.0953926877170665,0
-1.23733789295384,-0.654707181049574,-0.200610407441988,0.495650985211909,1.7111414925575,-0.0999035200542721,1.39154984414584,0.232385527981892,0.515726843761861,1.76206635685751,0
0.5610287649199,0.408194367580285,-0.852640228926234,-0.192291106471449,0.0631554708751133,0.95349901678249,-0.158070975551437,0.75690510572665,-0.406949666226006,0.0997063922340171,0
-0.885713361573927,-0.113933627847084,-1.00651023204327,-0.0847259601888289,1.24804944172388,-0.513003901869815,0.367486652958622,-0.474643693959295,0.333262336803589,0.771738825201274,0
-0.47249480261953,1.06433513230438,0.891644227154469,1.16263446144761,0.16045404050107,-0.708306127032721,0.939308647120618,-0.229715763249482,-0.836113886516556,-0.15321981762121,0
-1.34274616515299,-0.120255712193236,-0.420576046255162,0.807727011042187,-1.74943528303337,1.10534252689196,-0.100801614208195,-0.450612149825838,-1.12491312007581,-0.529167209725876,0
0.594060248446126,-0.55049535597509,1.51646668991884,0.14885582811922,-0.000502541627978387,0.200789166331307,0.569263998454197,0.170752275406749,-0.139610269085106,0.0819310102698534,0
-0.979130383710626,-0.600667722961259,0.483443713216956,1.10526864317272,-0.35802973162032,-0.688492910331946,-1.43561892183022,0.264147726389239,-0.756965423776602,-1.00350966295094,0
0.0797723633099533,0.850560157812711,1.12539518224816,0.16960413197361,-0.548567994524899,1.01518344167571,0.909925525255326,0.421535587610172,-0.708377234962227,-0.104827383143988,0
0.740099231495268,-0.1801195510619,2.2610081173525,-0.5211516529206,0.529052377035327,1.48523069652705,0.720378919178663,0.643293287333067,-0.816822184603609,-0.427384760600521,0
0.0872005651497099,1.00017938608865,1.41672361501372,-0.00653099317398927,-1.95796153554611,-1.46289695530068,0.0717263456529507,1.14338860944534,-0.200263378241233,0.190399055645786,0
1.12450922439277,0.693510459493637,-0.192573425568329,0.939130141123049,-1.00454836366321,0.0879919471986081,0.448994867482658,1.25147793889911,-0.368119570636985,0.358745167716889,0
0.0270056025508902,1.26228526517632,2.00754646152422,2.05061926989045,0.667299376619955,0.997107299641995,2.90771039112899,0.565055167712264,1.22286234471219,1.8145443882064,0
-0.142246174340475,0.373592782882866,-0.438293163159938,-1.06898011062889,0.0540000584357476,0.0688030264504979,-1.26779205949407,0.801891439457785,-0.976331608509715,-0.715098207046658,0
0.277196187586851,-0.0111019434188468,0.0544805282274373,0.196516230012865,0.709097175368476,0.274907014836989,-0.679090580621515,-0.0288059865353646,0.529021382040212,-0.246512465117217,0
0.767993033103654,-0.865272136767793,0.789859467542184,-0.973379762207235,0.604729059354302,-1.61429899019225,-0.53920873714062,0.0840813955374544,-0.102555161582883,-0.449074457303705,0
0.709481550581186,0.470172594556008,-0.0164942843475155,-0.648024922051514,-1.64369498209512,-1.90656531262242,0.632706462306107,-0.131173676875882,-0.246653203464516,0.107868435319285,1
0.860285887271321,0.941667013121614,-0.301974686565964,1.19409657963638,1.24564652191404,-0.854762964333117,-0.803829324771536,-1.32772964516416,-0.599106669106724,-1.7825515392077,0
1.74424771965416,0.485113235248956,-0.941176260238328,0.273419770084483,-1.56740309776719,0.121720551070841,0.649956527763471,0.463165045640117,-0.644467228426185,0.418192670061156,1
0.902494180660526,1.15166594454569,-2.84144821447146,-0.770193235831423,-0.48082973256548,-0.814339267742608,-1.64056386927331,-0.140259626049702,-1.12406391634804,-1.09146067369519,1
1.12859427522162,-0.773327901306217,-0.0630847032871563,0.383646686595274,0.45093304715216,0.074067668476135,-0.67591574210719,-0.114916376730133,-1.71568252563791,-1.26423400499272,0
0.294277571200528,-0.965589150196796,1.81592429387134,-0.486909110214788,-1.0221001932221,-0.395855857677101,-0.323035459106966,1.28373964250558,0.30194088436815,0.169381099796849,0
0.249837737858704,-0.0327203391975077,0.275434833005278,-0.0861343922599992,1.52558318267072,-0.000934657796469507,-1.1336000279235,0.810473479486675,-0.215622150595027,-0.506799128286453,0
-0.297267288093829,1.30764634847243,-0.178491529835372,0.27743300312693,-1.08135754254729,0.981504087410106,0.576181928240467,1.22449443647667,-0.0967539028014244,0.681582853334701,0
1.00339989420023,-0.262645306819892,-0.716484433533773,0.672564480680742,0.405102850107896,0.34270645983215,-0.29257878485616,0.193460733002654,-0.1099752253288,0.05578215046553,0
0.36188535145065,-0.574440505288472,-0.17070029136634,0.934600893234519,-0.934569185602811,0.47250777869818,-0.438867156374433,-0.201281335470755,-0.3606992139447,-0.542472391139129,0
0.55756816741876,1.48595566894233,-0.610611279506912,-0.268908520557173,0.441049703505384,-0.295094181668719,-0.166394588193399,0.882189179181699,-0.183931176618235,-0.0316775652487146,0
-0.77709859776711,1.03345137577035,-0.504208389059931,0.925003754245506,0.628658845160634,-1.17075038646154,-0.890326499321879,0.440465620367157,0.95475970463241,0.416982411086035,0
-1.50582852923325,-0.144252368568105,-2.07822644463095,-1.18516688163937,-0.0231671828790002,-0.397413980324276,0.507693387947014,-1.30237813680075,-1.12956673271999,0.0401039018740199,1
0.191322326969816,0.494049575068258,-2.13947048634752,-0.106049164792789,-1.38080274902903,-2.28753426614413,-0.823597936522186,-0.740514041111537,-0.123912577583698,-0.435711664148924,1
1.00351869340348,-0.802524375576128,-0.329783456081757,-0.137344546516393,-0.872565879452607,1.54924856205072,-2.42038119298494,0.257864710530413,-0.783113833102712,-1.56127132334258,0
-0.0963751388462298,-1.0179771790389,-3.26072172070678,0.394451113173412,0.23528602249846,-0.1114815924881,0.420393611003007,-1.606236761809,-1.15333607317551,0.0863849969020607,1
0.751262509747177,1.8948520023346,1.41304177288308,0.887100581003993,-1.08058780989076,1.98921419313815,1.25947391479957,0.708206951034352,0.75322139736557,0.381343894839614,0
1.61032535984243,0.383247453731671,-0.483766549131802,0.282567322964163,-0.188233659711046,-0.670995889924924,0.210689081464104,0.443353533846468,0.74441570098569,0.556165721821366,0
0.608104694071092,0.403167543197895,0.109685525086767,-1.95607018742026,-0.194229981599687,-0.342972090153009,0.520685181954743,-0.372734101124045,1.32911135612211,0.246041929330388,0
-1.56959526583428,-1.26588046170705,-0.451262595220691,0.146497788123305,-0.38234865038744,0.758009472248998,0.993463986160393,0.200670513086657,1.22772342953023,1.79546772943316,0
0.762084573674856,-0.416450336227577,-0.480046695609599,-2.07606447588303,0.234979229492456,0.276909940094211,-0.985758941579427,-1.55470908190605,0.81138557636478,-0.876527949677199,0
-0.639996264803374,-2.35930765036423,0.666561763438919,-1.84979187987196,0.413266330875997,-2.0278728812978,-1.05674886682451,-1.41588369457193,0.458200774190776,-0.625420371379186,0
1.84759372777601,-0.160759549387982,0.00970328909673102,0.804917777652238,-0.504418032203412,-0.35623226280103,0.121648398039241,-0.750390476462122,1.23801422556563,0.128838226729806,0
0.273059294557931,0.0163741081295043,0.905056104776197,-0.952655214107814,0.679554542393155,-0.311888950981328,-0.138270527328384,0.430451006264184,0.679729202312089,0.208437521998634,0
-0.00625677524174495,0.140310450451369,0.448283287983107,0.610436651131032,-0.462281869992753,-0.515140766305489,-0.558205791726746,-0.664992757222049,-0.437613910722311,-1.1389622561154,0
2.45456833769887,-0.0962441343560723,-0.433941242226588,0.554857212142688,0.0725581923140948,0.485065871431986,0.569119832988634,-0.492998561257427,-1.34663848173708,-0.9260545249746,0
0.207530996448561,1.89465337549502,0.113816234878704,-0.0211320977827479,0.190049148344552,0.954748976100279,0.872900832457942,0.300766143857779,-0.235510008282178,0.0616886913474827,0
-1.40374970562177,-1.62065351143306,-1.15130196185806,1.10867694635078,-0.410568665508108,0.781611969246047,1.31078734973299,0.0104199610539855,0.0210026753747896,1.53645723062529,0
-0.868914554873235,0.386128698952743,-0.640976503549443,-0.377033209923146,-2.36404841012915,-0.0535901941605883,-1.40577530769204,0.62370750526221,-0.986051027581476,-0.80914557865783,0
-0.482227223568323,-0.876097206266334,-0.478210848962888,-0.833498698165109,-2.10153916498171,-1.25440114011741,-0.512628391982828,-1.23932151224205,-0.670010797711987,-0.834700436725767,0
-1.28747705962881,1.13770767902737,-0.0615011908964249,-0.462661657994956,-0.0538225921270332,-0.490400486731321,0.409994528296821,-0.883835702973166,-0.673759250666125,-0.361322893864444,0
2.37178247213833,0.793811537701809,0.159399382390536,0.624695455714909,1.24409736051228,0.343349828319896,2.16260599540615,2.31518640052825,0.111826004855518,2.12375184171418,0
-1.04491571385862,-0.537272202100826,-0.826501079652607,-0.227353882597044,1.32176946853001,-0.505423018177775,0.137585752289755,-0.345155554071469,-0.706559626044064,0.363022614002805,0
-1.05892082217589,-1.22815540389259,-0.533610326651751,-0.15250814669271,-3.57474523779109,-2.33019798807754,-0.645463706522886,-0.769250662531457,-0.0212811768336469,-0.0205288420558556,1
2.03570645200922,-0.0917319152661713,-0.591390775259638,0.833946085720218,-0.122945716338406,-0.567015539917542,-2.58655534300522,1.23892913012861,0.490349751718557,-0.590688910005503,0
1.58843785620629,-0.266150364841573,-1.01924416172315,1.00022146610953,-0.900014246797171,-0.743242198917544,0.672028955488475,-2.26009351438027,-1.02681458864106,-1.07164959858524,1
-1.31729526110473,0.355821679165279,-2.07852495317018,-0.770106444337331,-1.79326191588301,-0.837254364009911,-1.72477605352714,-0.202161487822749,-0.486734595269074,-0.676390097554943,0
-0.964635825733991,-1.25895583264778,0.396325650083166,0.182636111395755,1.16613661304527,-0.814525057939322,0.311446343768963,-2.11492849290494,-0.322675371970111,-0.733844530090593,0
-0.172441516530584,-0.194373979622453,-0.217573493347868,-0.555055143100121,-1.356943225304,-0.071886052555166,-1.23734153696236,-0.395103662039841,-1.11561213531486,-1.61884315341844,0
-1.545051198305,-0.503350007057968,0.320217040923622,0.0322340456128746,-1.75963309956645,-2.62279647850949,-0.0869696753148439,-2.69785325776675,0.518817548222386,-0.860415796647658,0
-0.106864763441226,0.0174478933954085,-0.24951250904435,0.70597912093183,-0.0793817255731378,0.163628353685471,0.687276798109643,1.44663980363407,-0.303359740890519,1.27795300886262,0
-1.30103382410281,-0.393181805470031,-0.267840912010609,-0.482237277679417,1.29271277336367,0.852590417982309,0.655123804034876,1.15404071849817,1.49534280761878,2.13294032088869,0
-0.243401069854505,-1.07659141154664,0.417115770954611,1.25412614743336,0.40712946505753,0.448254559646043,-0.424987276392684,1.16372955997744,-0.306437828415046,0.207048784369876,0
-1.20002670088527,1.29046591215074,1.27470501984641,0.503900953087599,-1.59836115117079,0.111639634563665,0.626999916130099,0.632348268457037,1.08998378060537,0.795624574868763,0
-0.920116253999934,0.45447036458126,-0.328062670953896,0.64799896575705,1.46810561398371,-0.0710402114393316,0.153505578230041,-0.377091954677216,0.910966060562345,0.467289156298703,0
2.28365295344525,0.86091303242839,0.646450134307116,-1.3221614606151,1.58574871931694,1.27497574323769,0.437551799989869,0.547770647319166,-0.516383641273801,-0.783093745648573,0
-0.168224770089552,0.192016779183926,-0.232944325086008,-0.644380393221315,0.217684220784539,-0.690125247147947,0.363948518749269,-1.61728393180319,-0.771730528075271,-0.992439300582774,0
-0.954747774469701,1.09183692174906,0.97336220875214,1.24265902276011,-1.12952857522259,1.21365971274632,-0.203978147856487,0.612370541848468,0.36442289016718,-0.0452992082568441,0
-0.431414687010651,0.981377994316286,-2.07851263912565,0.163216747639194,-0.344415896873369,0.485502654864466,1.28446707252529,1.17499330455411,-0.151903046569921,1.66646323016749,1
1.64123312515591,0.583744730350165,-1.30611766312572,-0.238556187786453,-0.242243912886878,1.51571816357697,-0.367319354198748,0.423103591690068,-0.369091664774051,-0.305366316340953,0
-1.89639927900511,0.481498472768751,0.306071752477589,0.770862042974873,-0.265458828325656,0.191878847640241,1.10217613888009,-0.701120816705085,0.915982325463863,0.851207067341212,0
-0.431541419481449,0.106261517910487,-0.487714437242643,-0.893627687798532,-0.951224353076269,0.348278407602596,-1.48887186219034,0.119680086959838,-0.304859737900143,-0.691607097047017,0
-0.498682728437832,-0.307314176478055,-0.380362916657057,-0.670098876578603,-0.36722645477873,-0.90486550950904,0.581112312750483,0.141988305443967,-0.386966849242746,0.547391697238653,0
1.33978006027706,-0.207760242727991,-0.761952043066948,1.42709105550906,0.0544390539530635,-1.1020844520393,1.45282219787747,0.0807798153355827,-0.846472645506274,0.688464256679953,1
1.55727784381889,0.266999198719423,-0.623591695060363,-0.612123171900816,0.731830549727296,1.23326180950361,0.296342018633686,0.354456416967626,1.30627227575166,0.404114798451459,0
-1.33056089235061,-0.570580438757976,-0.675894050263398,0.221823989983914,0.0297984774971603,0.0598740357688992,0.0872264934842099,0.0797214911392967,0.169063814468973,0.955077086855654,0
1.25144166222919,0.361593642406149,-0.862299663767704,1.26986398463894,1.28609226559882,0.631961679854564,-0.0203962408332294,0.33139678086289,1.39586370503147,0.544184337815124,0
3.34565093861572,0.37853819583346,0.530867842962986,1.26228924417078,0.596294266428739,0.89342246597672,0.659060802240396,0.458628643931082,1.53428382959558,0.74551028521747,0
-1.1723068863551,-0.168950566162869,1.17054375378807,-0.692336873418653,0.406364804751401,0.0347001400914156,0.389866708580635,-1.61593586566026,-0.274657806108964,-1.00992646594573,0
-0.10844991779112,0.11188490581801,0.595150718839978,0.669081364979373,-0.0288292018125388,1.20708625097963,-0.114317962614152,-0.00287424452471433,1.83450015535985,0.620739719879846,0
0.0578090473629102,1.00249379161294,0.66743771044767,0.322919040360466,-0.887955183526937,0.465646820199368,-0.382607883414964,0.393989450792354,-1.20818461310211,-0.989702524533759,0
2.91181968162741,0.849196672892174,-0.0433225810015881,1.77548351322997,-0.45787124994302,1.17639264568494,0.346611809348329,-0.415553159045918,-0.219831972256885,-0.709917026458705,0
2.30967406380172,1.19882505495734,0.938910608208177,1.36731061207776,-0.0812000114169168,1.32615027097672,1.95833926755466,3.28710071985889,1.31434281466633,2.61823302858649,0
0.71209154168369,-0.423459137298525,0.836868346218814,0.953929353078954,0.638269898839817,0.364776505731227,2.0321246028988,-0.574698243321278,0.765561905338065,0.792948469929739,0
1.74654101991846,0.183457282722388,1.73233726960039,0.0863437823301538,1.80257516694807,0.516643190323465,0.441622009884142,1.94309428151797,1.4127334845589,1.06784118589719,0
1.38081263397108,0.302139879596402,1.75775969381508,-0.263955585764122,0.636221151322755,0.532712725088634,1.76538546443899,0.307519472723999,-0.214093987017065,-0.00535292091623726,0
-1.12608054193394,0.955471604665885,0.169591926498238,-0.630306606405189,0.0178372617969879,0.738839339919136,0.296161215112329,-1.98933897602097,-0.343897166200776,-1.1450324029728,0
-0.117276389799846,1.77246073496445,0.834193582999638,0.477692253654054,-0.00854460634248666,-0.768297517349241,1.5402895017884,-0.481360438458804,3.07064169646735,1.58442145942338,0
1.13788284648655,-2.04617676307363,-2.09806526008018,-1.46948178753093,-1.70655450090283,-1.98067825662301,-0.242974695702648,-1.14924757788764,-0.678539720890478,-0.307177053223456,1
0.325310384598601,-0.287046414754063,1.04433966580189,1.0448714066684,1.22414754041141,2.60966183298551,-0.440304267018268,2.14245809111473,1.71015886962175,1.18470234534187,0
0.464354017746219,0.0190711098130207,-0.134381155293399,0.448855237874481,-1.32061260525893,-0.313997332903603,-0.446780785953715,0.922996866559932,-1.04321370814302,-0.238861548941391,0
1.28218795797377,-0.969390441999031,-0.0739278900488621,-0.122987158313642,-0.393174369244626,-0.367800468808268,0.767782906964153,0.0749237001802819,-1.55838041223636,-0.178252204773941,1
0.55316288923394,-0.651722027507735,-1.06464561762735,-0.456609086829213,1.65452795000991,1.17078187217107,0.0562507116740028,0.942288789005268,1.38174047803485,1.37863687764099,0
-0.203509257322182,0.879941095508555,0.997065292265287,-0.0230772125510438,0.684694096926255,1.30325695110066,1.17949280690665,-1.09518283151881,0.00743560416582612,-0.534603883400148,0
0.0398508975203986,0.270790338243697,0.872664031140279,-1.29575330230307,-1.68364504162958,-0.83802312496511,0.805906170766501,-0.38306617877765,-0.409676770333248,-0.191893682057726,0
0.513831837242304,0.0348122262130897,0.257791169650197,0.636067951192549,0.728500471615497,1.26821922030705,-0.117254167494438,1.99527147176078,0.471111311499022,1.29382479153212,0
-0.0842372628396516,1.76108729074041,0.701074418387165,-0.00289520984758444,-0.521654711537175,0.743133457626613,-0.655447469625389,-0.0183187869686307,0.0944402113746471,-0.851469890331574,0
0.72072179824649,-0.0676111007723323,0.49679888053191,0.183807851532003,-0.507246596120705,-0.657063715015351,0.970353751175362,-0.573881560382415,0.0557560508932026,0.0558153526933953,0
0.837466858775333,0.413531808684818,0.948276899203186,2.49707519395201,1.50545434356574,-0.747451754412553,1.09533492267474,1.58360292827826,0.552684850180143,1.33627075452096,0
-0.378962723474031,-0.397401286520019,-1.12218952406058,0.0880616584986198,0.182374285474644,1.52035180240853,-0.498934421114079,-1.05756918377991,0.577926863109087,-0.200944278459579,0
0.00582703149926345,-0.603491468867194,0.364057352823216,0.455105606113217,-1.84141707085402,0.135727317300355,1.21913680558314,-0.137103194181496,0.446661379737914,0.882001160616111,0
-0.101267754570632,0.885682000428316,-0.214294060867579,-0.874854593689506,-2.42488865301256,0.20316501848029,-0.353693627599307,0.016551201701358,0.517157137354485,-0.261533035731806,0
1.49156363415449,1.92321882474443,-1.06406462111844,0.498010922836247,1.65320391680317,0.291211926310137,1.11204564369043,-0.845639801573971,-1.31271041873043,-0.813988781766064,1
0.787228788236292,1.27889954142216,-1.20710644085938,1.13837012556062,0.654008367556149,1.11242845470936,1.21547958416361,0.300957362660128,-0.0507306746811322,0.859313737053616,0
0.194191647946829,-0.0698347580848601,-0.744017875363309,0.467125106506178,1.36937990904301,1.50589551994358,0.798416712829476,-0.129486012727677,-1.70736083388683,-0.32559225369067,0
0.8711300368862,-1.81971048581072,-0.687717212428219,0.00508819732876516,-0.169200523302264,2.06122101110342,0.462379963750956,-0.9024851648177,-1.32114869081982,-0.772344156364104,0
0.468320597630058,-0.262440780589595,0.550205784129366,0.176719043764875,0.26187115089795,-0.504627643112571,1.12321788693986,-0.147911738403653,-0.316813163345641,0.470152563516784,0
-0.303806919588857,-0.106794784126086,0.42856961704009,0.625838101531387,-2.42700101566963,-0.439814321630154,-0.219793328487183,0.319373812852787,-0.598982128467975,-0.131280905858985,0
0.92918135279804,0.248219046173411,0.50851417139356,1.19778544829804,-1.23213285469816,0.0263796909726661,-0.507872487987006,-0.502681915664513,-0.187684818228769,-0.87370238239447,0
0.0843473630361543,-1.59081500422793,0.218572188069326,0.0587694031871351,-1.14913222946087,0.535590152871543,-1.45316871396933,0.427189211171424,3.65083908169696,1.33496396018068,0
-0.560593389828089,0.895160442758589,-0.481542560533905,0.498320672658488,-0.634965423149029,0.00383096352466741,0.0795216395973385,1.19865873899123,0.0420918389150654,0.847557635579838,0
-0.632507995509269,-0.702501761985016,0.651327802310886,-1.7270203021748,-0.497005083411066,1.05113486255169,1.01670513222351,-0.386127391153862,2.10578911569893,1.33309275518483,0
-0.143443935545485,1.3621801534954,0.298310789788585,-0.13200101087688,-1.58956786700983,1.59546311593052,0.125520907106087,0.663897840582413,1.58557099683945,0.646632172409385,0
-1.02930337066268,1.68250005768854,-0.249013136649961,1.27475222272334,-1.61155415330639,0.575764009576548,-0.0518454560207877,-0.59743602631438,-0.412762571560861,-0.620404586528824,0
0.155120592786712,0.0124812425310508,-0.961432021159695,-0.981704276502563,-2.7939594609117,-0.00815884459739641,-0.200013726260715,-0.0663416495169249,1.25604023873181,0.493335920737523,0
0.0101467967455731,0.26032177263751,-1.66216256372802,0.507670548943362,0.375636040445623,1.02607186516706,-1.46985112386598,-1.18149124299848,-1.69857304035235,-2.00751525172034,0
-1.45954900929064,-0.386225871090419,-1.64285714085752,0.353727081220065,-0.826841823861195,0.535276588917188,-1.5138588008043,-0.469138065287392,-0.14455203945746,-0.116813556817933,0
0.364494328512685,-1.55415137438576,1.72774152725181,1.65773729475351,0.144903792861287,0.438004850522922,0.307654785302235,-0.286253762518367,1.16192920982477,0.32421229468516,0
-0.633677556009018,0.792338934929297,-0.775297213729101,1.58784088553555,1.05583308182729,0.404691678485678,-0.303291209842962,-0.00494435607804405,0.119467684915575,0.159319463572895,0
0.116786939635344,0.0124270170341645,0.0909304533813606,-0.580160160582128,0.647816621695418,0.337247180982378,0.902992116285479,0.728493766274441,-0.755107725782137,0.689072448321716,0
0.985423075325414,0.690421615422857,1.2459803278908,0.0497113400190191,-0.239220280570195,1.26051023215163,-0.689522381881445,1.26726617925792,-0.446758655802154,-0.470781915895359,0
-2.32827394691259,0.0211201707021783,0.89819553809899,-1.55930170787304,-0.489433992639146,-0.999767225630915,-1.63387363196681,-0.00808456219892636,-2.57771912001198,-2.2516161157702,0
0.00766965399414164,0.112822628243321,-1.59807909136289,-0.774766442383649,-0.525685957566411,-0.371925670650216,-0.386133473979108,-1.27114911179604,-0.486377917697456,-0.599933402900024,0
-0.134208501721272,0.0053265772869615,0.174340797982681,0.124337370298742,-0.204445985769913,0.0803299602735681,-0.232770477699908,-0.849577456643968,-1.17104968660301,-1.34385080147855,0
0.268360058802578,0.833859681966246,-1.55064649322467,-0.235554981803012,-1.2268354432158,-1.29227102684062,-0.671591639903271,-0.838096396889012,-0.790340984136226,-1.00042731525975,1
1.51483697656105,0.892980305973735,-1.48738617816177,-0.22641613953134,1.03892048394036,-1.50643389941033,-0.0179819443687677,-0.208838520188177,-0.608072182721336,-0.30312998457234,1
0.107091866929233,-1.57705775615024,-0.334351494592731,-0.227233889815597,-1.87415590531796,-1.37841090571295,-1.66430130021747,-0.0880923878779647,-1.42042259398903,-0.935387782986346,1
0.692207944478641,-0.814236547619046,-0.261588555933014,-0.460334956811926,-1.54241324853131,0.575430970305406,0.488104212832372,-3.78877290057167,0.198863845623349,-1.57302138113018,0
0.389600997118316,0.10275429831,1.40147651642007,-0.624519303937012,0.831145809916654,0.807515271329089,-0.460174834666574,0.235744068029261,-0.630437319711911,-1.09046736954371,0
1.80206385172487,-0.46008330521384,0.543209897825125,-0.946981078650706,-0.442022415723936,0.397079404039794,1.10967898621216,0.753777669920799,-0.774497268421682,0.0891649159804803,0
-0.338546096629999,1.2246606780328,-0.647099946872726,-0.923540874579141,-0.261218972020903,-0.128919199273626,0.686075625285676,1.47381476032706,0.519919059050949,1.4889046547996,0
1.01443302755533,-0.647170885180128,-1.1359794841777,1.36003078129591,-0.857829666786619,0.163813328953749,1.20494018023434,-0.987982098946153,-1.21254864219908,-0.172528078038004,1
-0.630759843469568,-1.19452658293367,0.224926649441747,-0.984286279957718,0.792696085239059,-1.39156467130859,1.27374291357389,0.579628253752993,1.98885497357212,2.33533767425986,0
-1.33923962552713,-0.491640486336935,-0.532156548485504,-0.098120014475769,0.608261829401035,-0.00650007165680777,-1.55634672145201,-0.1564794267691,-0.744248666895062,-0.980330827142406,0
-1.21653493457637,-1.46511250290813,-1.01999136557737,-1.93443079393954,-3.0000194874593,-1.08642496385637,-0.438729797828295,-0.984452220893812,-1.78364003487133,-0.858166488772121,1
-0.610484714680706,-0.0517218814825852,1.07794355310272,0.143889785077708,-0.944877591546223,1.47466431030226,2.37027442721805,0.609995029490713,0.188173385665938,1.57635420200064,0
-1.27707428009192,-1.46263663528037,-0.394051394998414,-1.00153373914641,-1.47048307516614,-0.918239954291501,-2.06663546895842,-1.41067606826872,-0.332656378461839,-1.61752545981133,0
-0.839261999002562,-1.05330128754237,0.474856916309847,-1.13343429621087,-0.0578486643936893,0.464938767462025,-0.874955259740885,-2.26189936296907,-3.81650814499249,-3.3488210865696,0
0.160198425878927,0.506910659177619,1.64398864115151,1.87213834207945,0.392464938593736,1.2582062527542,-0.0916694764966676,0.255855039590756,0.51359555505855,-0.392841566788573,0
-0.252484879295044,2.09541311006739,0.0872880894944061,0.686582748043354,-0.0116830691277246,-0.118618865931348,0.496828744784619,0.600056459221322,0.27238637415208,0.108955449853063,0
0.710480378982568,1.24134120065037,1.49273441232495,1.17431626529237,0.602179742954818,0.946813427546997,2.05481949494843,0.687095993529527,0.843022694460293,1.18813857947494,0
2.35205292064671,0.166431306530433,-0.595962220227809,1.72836813465958,-0.306218480342081,0.00473784885482192,0.70435775950044,-1.98697937879037,-0.112514832847852,-0.966179519925165,0
0.896617575429765,0.410194362571337,0.0883679904733959,1.4248899172037,1.32432933899546,0.253687906518406,0.658531866466188,0.583992485029929,0.469643455303212,0.858481603541254,0
-0.0235356762015124,-0.128232303934386,-1.9280468288375,-0.320283977855688,-1.05272395927807,-0.00293695489634904,-1.49632750535952,-0.345116742836162,-0.183936619886801,-0.452371778264365,0
-0.133141650734946,-0.0820259220579,-0.272809620867023,1.89197516467629,1.85522855485665,0.623894875955468,-0.682691531519059,-0.487231217466749,0.438993701825412,-0.194795859848675,0
0.368803451837871,0.127817256468869,-0.253403610306861,-0.316382860113282,0.579723728335026,0.966590754410572,0.388525015079678,1.24445564742889,-0.866437218232469,0.4154844149628,0
1.91871473346424,1.89187864861193,0.588110838139286,2.88447945155205,1.35265526753472,2.55707196488317,1.9488240062729,0.862089930657665,-0.320539361497622,0.494289276012835,0
0.884634506443208,2.00727558439251,-0.549760472269829,-0.743337700350789,1.70076133032309,1.78308227920664,-0.77158076353166,1.30897006713468,1.32748180056807,0.31324431882259,0
-2.44303892000672,-1.65586175838276,-0.590411088044083,-0.0413188427882928,-1.55891435098647,-1.14000842177423,-1.0722881197935,-0.708820966632476,-0.349947693488718,-0.110037615620392,0
1.07983403505361,-0.140630358629845,0.14375466396584,0.436103502471564,-0.662867134745156,1.64239620251962,-0.249376896643159,-1.48069085608461,-0.666180810979844,-1.64106414149518,0
0.7016730041318,1.14783432422311,-0.35934844988913,0.223061298735073,-0.479331090663814,0.384133636592335,0.272925156963413,1.17584485415607,0.230269435731555,0.729959341462452,0
1.82220639532401,2.71298330467715,0.368284996115309,2.16828056042032,0.195964675698174,1.80174469749466,1.36353829509005,-0.704403916249868,0.674108029132235,-0.274834119901776,0
-0.10363729256151,0.988321264118959,-0.809983881525367,0.223870076367927,0.557805507044615,0.877974384220741,2.48581457442869,1.40907948232375,-1.04283916171882,1.64867814845248,0
0.101163411887187,1.52491758181328,-0.745724885499349,0.396856967045145,0.732797760033637,-0.20670849335435,-0.717995304123564,-1.0367566255742,0.982331186239735,-0.652592129870097,0
-0.330637845129406,0.514529627717675,-1.13862246971845,-0.832829048107706,2.17269885050834,0.00343456149792221,-0.136917062108327,1.834411066731,-0.330969368597596,1.0274144238409,0
-0.505471146124916,2.04019842107632,-0.191220109712646,0.0910929793073063,0.0133534353169155,0.635394756452914,-0.00234467633470214,-0.82593727312878,0.54068799803792,-0.561240872608357,0
0.506134330802155,-1.01651302570444,-0.184454457855974,0.597385025546052,-0.951276830266672,1.4351463691459,0.918420117734481,-1.26483793338114,-0.0593805329083764,-0.137300723713196,0
0.484440282474856,0.926911284878075,-0.842295811501189,1.18199871264506,-0.0481990391032835,-2.16080417002655,-0.191896422199962,-0.452440486055598,-1.62308317117586,-0.832117390303165,1
-0.159774468621836,-1.45405991889412,-2.15117804017476,0.492451400952903,-0.414496543050606,-0.222787938892697,-1.34694667211358,-0.676526265317799,-1.21187233324403,-0.697084327202456,1
0.131236743811552,0.300129087538765,0.590453962373031,0.671863633398741,1.07188017958567,-0.118923124200857,-0.197285697983001,-2.21493229978873,-0.0415700939240292,-1.66892984966095,0
-0.549206308766051,-1.61708714957204,-0.119389751984189,0.622032072588508,0.0759161061534057,0.140703052223287,0.649578245128628,0.22194957704956,-0.919883236196943,0.658886841708191,0
-0.97227832358675,-0.500203770710486,-0.878961792208201,0.736020576360896,-0.575963304627328,-1.4932650272687,0.894373401057718,1.73081724398023,-0.973698389603479,1.78986754830291,1
0.202177117545207,0.360477492896745,1.27824301522118,0.246446098181495,-0.914857232032662,-0.226129826850643,-0.567424800319394,-1.46443083231374,0.637706753677041,-1.2010786064967,0
-2.27203362020645,0.100220798801152,0.129073068391368,0.998333300945167,0.283711527317451,1.10999156196013,0.199734055074508,1.61805317937885,2.18215543439946,2.28675302171488,0
0.356770141245869,-0.703089024610271,0.212745094548047,0.613861274368732,2.01388402849597,2.97700706469326,0.30577500193214,-1.2047241478786,0.462703572772488,-0.416214243259753,0
-0.910453952019234,0.926391302620751,-0.766350031675559,-0.23192948828217,1.65195789799312,2.18283100462944,0.833849916464576,0.181540739455831,-0.398070537601589,0.369822815617993,0
0.733954749627662,0.21423516206988,1.29302503827483,1.62466196833133,1.26478331329908,0.0802940303034596,0.715995419273015,-0.570846752404194,0.189614835700428,-0.334268177239251,0
-0.153304896067441,-1.56133290889536,0.707653461444964,-1.30615112156672,-1.03274782484561,0.154306808013865,-1.49506221456573,-1.41229974532342,-0.707870812993883,-2.00594314664993,0
-0.592194423341502,1.52466070895863,-0.12057389545745,-0.285737202228957,0.493141498686433,-0.954174383894151,-0.440657506825649,0.140796948026331,0.850940076219665,-0.0227096771602253,0
0.554495273849275,1.10105700442933,0.786710784525163,-0.373538382144161,-0.153008927548695,-0.129121995840717,0.812456983208151,1.41108127130585,0.624133642676611,1.27199019929631,0
-0.817535718440253,-1.57244002936478,-2.47995795838648,-0.507755093855586,1.46942008915006,0.365254877363231,1.12440677200456,-2.23254462441735,0.210791268319203,0.721939157841691,0
1.05383505253008,-1.14064517448519,-0.0670153123557156,-0.478566197510321,-0.595256388669856,0.746568938283049,-0.724514407658341,0.135761941470364,0.0168928693712299,-0.250466018429882,0
-0.61350146154083,1.89079772475955,0.136002097264152,1.33365321287116,0.675027632314282,0.434458573917729,-0.307277773524594,1.40287197658063,0.916093379776687,0.673304035984423,0
0.500492346660138,0.325397258319465,0.0490637245741394,-1.11837311541947,0.865399858807489,-0.221071197738057,0.255659111987314,0.723008315377176,-0.78430279371167,-0.0128582975350793,0
1.71857368540471,1.21969876106804,0.606776043567988,-0.157353121340977,-0.48393682482815,-0.0403046144803557,0.477064075095726,-0.369391543310432,0.938344223634316,-0.202556293223331,0
-1.20220590111763,-0.189640559364816,0.956713799758187,-0.830562951683206,0.805828517323902,1.73428414839471,1.3830939285118,0.822291236782468,-1.02485737555834,0.69273147580743,0
0.69371161114957,-1.57277572200472,0.308853028568725,0.265543711813068,-2.04499951490628,-1.66877986767268,0.314775569097277,-1.64035491024251,-2.06004319744874,-1.41304400980468,1
0.225958814710653,-1.25066072302858,-0.900068315551958,1.50727501061566,0.605770521342017,-0.12915894841207,-0.872671325527631,2.15167804518479,1.68923543849118,1.95371122244749,0
1.38173580551502,1.21402027374346,0.430246901451692,-0.116365677109348,0.605479569495812,0.531711746268267,1.59205803243499,0.891728320570938,-0.109833571865538,0.612023169149221,0
0.563485511429109,-0.947823791472595,-0.581438065556019,0.446571246189051,1.61915792571414,2.21842665172378,2.08220426190959,1.06218436796627,0.0587263899019003,1.89211631943908,0
-0.105717614465653,-0.165901548980019,0.00105924834904436,1.03396790403082,0.133442357219883,2.61732522638847,0.194323841242181,-0.523377988297702,0.652913431825712,-0.0936956001207742,0
0.676810025645253,1.56736533889487,1.38655004780406,1.4070550414934,1.8761992798599,-0.314719891618875,1.1584682668403,-1.19135234983795,2.11713815705217,0.481460129739219,0
0.0774917240030781,0.592564453228645,-1.26434106180042,-0.560445777927841,-0.789898731136422,0.858365471168642,0.429986487348707,-1.308273770718,-0.383551516319121,-0.408325729598561,0
0.0655337614497653,0.445466559438172,-1.56608375924992,-0.881604229688409,0.383266837025359,1.14681771554922,1.12106536609825,-0.627562755274783,0.965627040090361,0.931147282049204,0
0.296471454592617,-0.247003679728082,0.633391675329527,1.65861045271524,1.72790475923266,1.10609363626875,-0.0844654935657964,0.161767949966986,0.596117895954436,0.226038480247951,0
0.272800028599524,0.427229681015648,1.24401308395424,1.01091017969587,0.738216955218259,-0.540369650578447,0.704744793394698,-0.850029764887403,0.852560950830222,0.0820126891234903,0
1.20438239536536,-0.0563354698544721,-1.07793202459495,-1.00555337643077,-0.595826441552587,-0.356115884967591,0.966438369830505,0.610839189566785,-1.08151341637277,0.227955425158223,1
-2.2390051128356,-1.32580831420301,-0.678706606075934,-2.1344066777951,-1.44087468788031,-1.95547847232867,-1.04740794969168,-1.77778779155688,-2.83522784559824,-2.14471800159111,1
2.04327334129392,0.403776703307873,-0.481430756930305,-0.15169727279209,-0.0343739080670194,-0.922903813094134,-0.131412103879484,1.22887399936229,0.132566815720823,0.606968705651141,0
-0.762746868314408,-0.307529070330291,1.30343771984545,1.24354129732503,1.99685332259398,-0.62075528868154,-0.131259587968766,-0.349040063711055,-0.0139784134842777,-0.359228408402538,0
1.30479236618569,0.567278648291559,0.778950526241508,-0.718316998228382,-0.153424247484414,0.283017843631676,2.06577631957856,0.70503772761203,-1.08780956178139,0.439681872212445,0
1.1237457617528,-0.168064936715061,0.439972440266304,1.31442205316365,0.790240185474006,1.08287415699071,0.0138875850662613,-1.16743554232779,0.73340670679558,-0.832065121084111,0
-0.0514206428214153,-1.02342805861218,-0.664663765100484,0.166450755587643,-0.745382981973673,1.13966809842202,-0.470658036395036,-0.964656437138218,1.0057066646412,0.118884618795292,0
0.0715263879150377,-0.470373343131941,-1.56149414959563,-0.0177272418488805,-0.358366815792305,0.0437457183099315,-0.0335257852495659,-0.171876406362419,0.363153957719629,0.483288028302397,0
-1.40322493491796,-1.33356342370274,0.629800823038728,-0.565720961077735,-0.835958564839116,-0.693135555233814,-1.54240173131229,-0.147684451944046,-1.31044173761241,-1.19392675507443,0
-0.166051718993142,0.473196524372493,1.0667024798098,0.375019072398903,-1.00998331095051,1.66279217194452,3.02041694333851,-0.0312136396018509,1.02984446484766,1.74343647071813,0
1.94090167763314,0.968696727178894,-0.492702821164723,1.08770767643051,1.41902043357795,-0.145334349714696,0.783555575787433,0.518593576239409,-0.159643456185119,0.25157277402146,0
0.297157327820726,-0.00600128781292706,0.0037546354750596,0.221466310902845,-1.47988122377544,2.06431192607831,-0.44821274000728,1.2400996618458,0.178745840288396,0.402245728110439,0
-1.05168736875292,-0.544068374291535,1.14255018097293,-0.575267782135049,1.72201867876069,-1.67723466393531,-0.724726152856827,0.828944363818549,1.31414239762009,0.899591383115919,0
0.332608530709288,-0.0429535638028498,-0.371216410773391,-0.39435076304593,0.0973965280862708,0.308527829737017,-0.0283980010649761,0.0854481927843749,0.118348039774724,0.215529487912798,0
0.711964994311643,1.87519710642055,-0.0435527203303006,-0.582022808461309,0.728783788514316,-0.440569864607221,0.771304701635666,0.142917459091221,0.0403662895772516,0.0849132274630702,0
-1.36189146278807,-0.153054116592568,-0.813879412387845,0.548934086931799,0.221488139167721,0.0672234907129012,-0.216559730693978,1.49113980796477,0.564869505685068,1.34268985489318,0
1.5914209143244,0.486851558021688,0.726109155534698,0.239839940921505,0.326847574786509,0.0223835721649824,0.622063746506924,-1.07264104987197,-0.328343020215244,-0.870530569504913,0
0.513773887947554,1.04044753461416,0.660082582424559,1.56012702914141,-0.0126912206695296,-0.109015838625204,-0.0982442533496865,-0.440798045876362,-0.423435200215318,-0.847588760629825,0
1.53504765477097,0.537722217641224,0.568756521093264,-0.289959897277963,0.724946948545647,1.26044744702595,-0.819007949168593,1.86391645856409,0.894516019617392,0.138909053525733,0
-3.13271297166639,-0.376338796439205,1.89100146313976,-1.22448773135233,-0.610342194605254,0.0142266142868376,0.630234565063458,-0.441429754632593,0.384167863319824,0.354737648115229,0
-0.658885277649849,1.90732806750465,1.11481535017467,-1.42459315922826,-0.0504118637454858,0.53371896474385,0.228916944499012,0.80531856730693,0.563433661033003,-0.0516214839253928,0
-0.584820693482498,1.23652224965239,-0.329431450952582,0.553681301193809,-0.905112406439318,-0.310155516413595,0.440696188824274,-0.328635054569343,-0.877986924034654,-0.534860250377846,0
-0.0549440070469271,1.02314556798524,0.235790046092079,1.20104702869694,0.513654594957308,0.409554118949302,0.882179676567094,-0.282803698160023,1.08393228403193,0.498099280104083,0
0.996435897581538,-0.542260151482954,0.40109574301411,-0.878495199638026,0.239329977151582,-1.42675650411308,0.228505752026439,1.84561435333734,-0.954950403217149,0.55333076694157,0
0.398960112209008,0.0175903762207528,0.798277086239391,0.764693555906299,0.0611838043647392,-0.878411580929584,-0.674489674478514,-0.211436701195812,-0.555860505460547,-1.14584788316989,0
-1.3902172128692,-0.534537781318678,-1.6116503568534,-1.45333075203753,-1.3989796277542,0.00808128465524174,-0.371942465844813,-2.18880479307794,-1.0265468977947,-1.11970657914732,0
0.558084794126922,0.717020952665135,0.631001620004104,0.878025678043161,0.701643237835453,-0.499166020069782,1.40958536528574,0.170193542274618,-1.02278103506939,0.0357404515481011,0
-1.28995299636164,0.79593881765084,-0.155002685524103,-0.685993406452659,-1.02760786726532,-1.01796112839642,-1.19262959416605,-0.550071163236539,-0.806589780590996,-1.21005520239014,0
0.394452713059237,1.34916570567574,0.856425086979558,1.83294518045295,1.05976249181975,-0.702114339474214,2.33191250466905,2.18743088394461,0.827401892423015,2.41351672710099,0
1.05957901760057,1.22419609889806,-0.289289234593896,1.10396224853549,0.0811459046913486,0.676416140449499,2.52160086467478,-0.199904095187969,1.47037850421807,1.53475219375187,0
0.195730130140868,0.880127974352664,1.39697648596132,3.98360655642726,1.28682568340824,0.696846227109676,0.639237423886831,2.10044689989683,-0.0574127146043297,0.980138768773237,0
-0.0357031621998015,-1.51953295404317,0.338961496937172,-0.509048176282364,-0.620019225726604,-0.511309013428066,0.40331960381128,-0.874693309923824,-1.52043165601961,-0.677960684602677,0
-0.963418950823072,0.628057425780436,0.936279504475406,0.977234095836506,0.378723650144755,0.552359732314231,-0.474989890232372,0.685595611389724,0.973960726167655,0.340003156757104,0
-1.96692725153413,0.785762860735844,-0.894485338121484,-0.0245260460044084,-1.11601122305351,-1.75619199447306,-0.378220399111921,-0.237990421065965,-1.7233087027477,-0.413952102273562,1
0.0757310194918227,-0.107049353952514,-1.41130894976335,-0.827791361901414,-2.2180702158872,-0.631566259199683,-2.23334730999249,-2.18103958137567,-0.0395042805401174,-2.3165153561412,0
-0.958485498075242,-0.121471595080928,0.467337003653637,0.130421888622977,-0.265440679298059,1.21187650125175,0.709261501507253,1.67553961973056,0.430488413036359,1.36146901397323,0
-1.61906267395861,-1.24311594780984,0.925724445041022,-0.88321445798512,-2.09396375296705,-1.40251489093326,-1.42255567057816,-0.653896300549802,0.575483752133288,-0.754801038495706,0
-0.0611732239858328,0.0522038444157326,0.925264573421741,0.172751271038047,0.443529964948702,-1.12070009894322,0.624561437283145,0.427107195141868,-0.299414669808498,0.395756860475729,0
0.634868204043791,-0.849589191383151,0.290407921622342,-0.956246714373575,0.696265470731966,-0.389249939064161,-1.23172996940003,-1.0092377695247,-1.02606013095336,-1.89776237682968,0
-2.18023336025342,-0.390072725852701,-0.9325720082987,0.40693247761734,-1.03307673710557,-0.666695973587319,0.794866904960154,-1.521619306839,-1.13059282743176,-0.31421185328983,0
-0.0402962830775967,1.83966034794331,-0.934686518586601,-0.769953811309693,-1.00094751506405,0.99202928862123,1.33515627607924,0.114622894812669,0.408753537140237,0.854597369393834,0
-0.515359188847726,0.557754849415537,-0.0204973795791564,0.919901322414969,-0.153149411624128,0.434430406651954,-1.67629990231277,-0.477839005977096,0.655295026175346,-0.891124406788919,0
1.01142783122527,0.338011282253623,0.537796265938288,1.53621638125236,-0.815436119124869,0.0701160416516155,-0.861435235716912,0.513893289648505,-0.668642827309652,-0.911239389581665,0
0.605744374872101,1.42993149427656,-0.688279684089647,0.864388970655689,-0.0620567217207072,-1.58420025738021,0.175053482523022,1.33797359053318,-0.499522606747592,0.532105797038964,1
1.7818808026192,0.608873438449498,-1.40868625354746,0.917704077131981,-0.249353253897416,0.406483144928292,-1.76833000558418,-0.0259080909001595,-0.512897312064414,-1.34552464615401,0
-0.0935629206190909,-0.501044642699531,-1.62941329481607,0.602120848522947,-0.430858553652889,-1.36635376858464,-0.421519000642167,0.912747544682294,0.68128245555129,1.39663424869519,1
-0.364207525726968,-0.659080707228739,-1.46674530131624,-0.46532421129377,-0.184395977526181,-0.0276544645425517,-0.782554239236445,-0.283567385545847,-1.8876782595959,-0.878114195477261,1
1.14325070420279,-0.832336685902382,0.734871887819688,-1.29905070973665,-0.00517746457121359,-0.901710540060596,-1.74096768497376,-1.06022889634219,-0.876571053642232,-2.35947257329667,0
0.596041690315569,-0.692272630342711,-0.747667644505888,-0.976556971406986,0.469100359670311,0.642344514383697,-0.102869514465302,-0.535083970139921,-0.645694088062592,-0.454087048387257,0
-0.592605027569903,-1.65983981640271,0.787756914364244,1.09281110788877,0.0333975233221432,-0.367924969113785,0.65242575968933,1.01943339933947,0.652821315905906,1.70140333119246,0
1.02360384990705,-0.151194932988358,-0.542541222070902,0.262287915721978,-0.379712651137945,-1.61496938445472,-0.172879379639567,-0.095123939661135,-0.124015571982574,-0.169874539206381,1
1.45437106469247,-1.03514620959754,1.24381771893188,1.03646986744462,-0.618814662506214,1.07641695332452,-0.568826974277871,-0.0605591754144796,-1.56930471317939,-1.51031090901047,0
0.708244593770276,0.16738406458145,-0.385593028152791,-0.616564522790784,1.41902332899768,1.46374266456868,0.0429990111146739,0.198254048276861,0.593849118510321,0.137654409991501,0
-0.835958003625836,0.0485211757702969,-0.307923822714161,-0.900284478603009,0.548730635661051,-1.63066674984771,-1.44784808899305,-0.644298204013845,-0.864203965783316,-1.34645332742521,0
-0.220413564619122,-0.922498372064136,-0.00102508841128457,-0.686696593484588,0.259370161221584,0.524071192880691,0.96704038781395,-0.696024904329948,0.800656191051423,0.513198448490626,0
1.56583679800223,0.267496503599818,-1.09679015040483,-1.43637737861631,0.09916910448704,0.564264277479783,-0.492040851956045,0.699437902754678,0.611348778831614,0.249644701421771,0
0.433630386491242,2.05346344563508,0.705550953651355,-1.26272109858337,-2.46912723926706,-0.00364186463066213,0.0840967078432079,-0.469379421795455,0.163771449202841,-1.10324891946724,0
-1.7344155138486,1.17692320354379,0.250351110960513,0.758372763558984,1.45391776971296,0.078379849427776,1.81958928674128,-0.142532495108415,0.145076893990954,1.26423593365177,0
0.504727076611554,-1.28973434566718,-1.66632801980286,0.170012927680188,0.228268495941297,0.182721444259827,-1.0073432065824,-0.200853234007651,-1.15834359377816,-0.360135639039498,1
0.266654000492089,-0.532857848345939,-0.365785259748925,1.06711111344909,-0.59348213949343,-1.23167966089334,0.174046797028629,1.8223919018942,-1.99892878638201,0.279072862176018,1
1.13169671129828,1.07999379352028,-0.654737245781992,-0.132278430797749,0.287898537939086,-0.219515356234818,1.65796113033937,0.626999549455635,-1.15542242204148,0.717047108879564,1
-0.739964196580332,-0.152121854358066,0.560625955192405,2.32436920487203,0.567775705576972,-0.608192132572506,0.452979232293806,-0.21542503359167,-0.259173315754859,0.281963470931384,0
-0.481918628526273,0.220166098029711,1.29632237248105,-0.106649190981475,2.04665653511948,0.940309787675701,-0.144678525212967,0.625444743691188,0.318692655843882,-0.102849372443248,0
-0.148709166702835,0.00447857770642292,0.0694314537470272,-0.0272420254517819,-0.194140596200732,0.0902572582912902,-0.0390790249384287,-1.57528614453791,-0.949655001895121,-1.44020666231888,0
0.219829974604181,0.186971220984626,-0.76032128361004,0.367207533641005,0.704506245799464,-0.309681214222537,-1.10058756450027,0.487854484891115,-0.632764422974363,-0.416201374924694,0
0.304825243459997,2.00230198929276,0.652465703299143,1.32171178532893,0.621339285128491,0.211246462180101,-1.37960580405154,1.44134175722447,-0.10160502100399,-0.779496667451075,0
0.521323305205322,0.0417051505636587,2.22066273403209,1.08709646476552,0.781730595398525,0.136374658941951,0.592950072400256,-0.554330840275423,2.08500092054174,0.222079018982888,0
-0.90702512058147,-0.0679502594749117,-0.917306288013157,-0.98102971692078,-0.651945959046393,-0.838820278471525,-1.52921053529853,0.0574741984240267,0.3876089636456,-0.11288147215638,0
1.048800025239,0.6509215624252,-1.33296168694256,0.14090897595555,0.105052688519382,-0.371993057015849,-1.00411374499351,0.068332033036686,-0.126105919330316,-0.464661247552504,0
-3.31958553184917,-0.78393817473914,0.690513474408788,-0.371974099816377,-0.971124071920237,-0.222550500866882,-0.363739121576064,0.343654663041428,0.320902089666765,0.634259563451148,0
-0.683240691427685,0.823330194692214,0.773334866568449,0.546407987145808,1.64601521306794,-0.331802200981211,1.04226674948917,0.624637613548445,0.507869472491896,0.89139467059762,0
-0.762444250053782,0.90328986148095,0.425145553873123,0.592791473601435,-0.794557863945768,-1.26965412084395,0.85547402186342,1.62250463509056,0.451983195895633,1.74635226643871,0
1.03426511245547,1.94666719969467,0.803597494175559,-0.773016972938776,0.903801050234552,1.62599644872937,-0.0622265428367842,-0.679810367463618,0.43236093985805,-1.06972991811084,0
-0.212272275899239,-2.65086488876035,-0.719019118559886,-0.904857895461507,-1.2992097730946,-1.18683923564273,0.188309363227897,-1.01090070059169,-0.385849128729962,0.146535410258344,0
-0.997391121872186,-0.759346836925849,1.59134082609872,-0.614403001314269,2.169616524175,1.07854458563008,2.10472927440636,0.708216038094036,1.3701464655806,2.18544096927796,0
-0.148783386266071,0.778430510478801,0.873453336241391,0.166185744295635,-0.194792861733622,0.589439425674995,0.099617893823959,0.394641784051537,2.09869504973314,0.822281400326354,0
0.10318466245303,-0.540924345505276,-0.329244127992883,-0.0920002503759254,-0.744360901230697,1.26731665084818,-0.20300531282328,0.699992296862593,-0.760197020746475,-0.0952585410705877,0
2.29706777325592,0.268264362755098,0.124496435861503,0.62242767631158,0.239014627933599,1.05797203981982,1.22976237554972,-0.0619628593973549,1.48915505660463,0.657255834061491,0
0.196387048958347,0.800711862458971,-0.0186431754570198,-0.817972491355303,0.0831670342157969,-0.332163035874299,-0.225155892081921,-0.93414638421711,-2.29608618772118,-1.93402760309525,0
-1.17115702337078,-1.44424300202307,-2.30654158595385,0.0456788543567939,-0.725686196996549,-0.694924435527529,-0.885365377755896,-0.865803615746869,-2.66138771769289,-0.882180047656404,1
-0.00991044214555569,0.545927962009117,-0.138645400799763,-1.14115626512813,-0.660715704500185,-1.30200367984106,-0.0773947553557504,-1.16388645921739,-0.968593874522234,-1.29889045933533,0
-0.98651856215049,0.255791977370881,-0.147882875501357,0.388964264060432,-0.533940666281633,1.58533147117544,-1.15911803431156,0.609793791952623,-1.2959961453924,-0.874861087451202,0
0.139155132914228,0.470570812638179,0.2117354833862,-1.06250671077908,0.561191518398763,-0.630955658840015,-0.0268981949386184,0.735913923031837,0.16929198627204,0.203997883156031,0
-1.33234343440561,0.209054012915462,-1.21481477698688,-0.494778235239468,1.26617994091622,-0.542152098270839,0.239923949074004,0.710024477575338,1.83036519728343,2.03364309686605,0
-0.373516116704752,0.980027724150528,-0.440962270734198,0.144258024276601,0.458066631721619,-0.353717186879725,-1.07718463597412,-1.11245914946448,-0.427040136653452,-1.44698068029422,0
1.45588126502086,-1.24471313795298,0.278964963891776,1.16344950045521,1.63563276554663,0.629927050841157,-0.0949425081215409,-0.072224983435437,0.564297738374028,0.0855845647578464,0
-0.203296036366334,0.385111549798602,-2.31482354532747,-0.0681700755372146,0.322724956294082,-0.986121096505072,-0.712731929066619,0.0342749219276561,0.126609212260766,0.351703612338238,1
1.03176733169737,-0.0940416170057097,0.722706216751593,-0.0664594095837883,0.10387217317718,-1.32937677512378,0.804189557743436,-0.515757510491232,1.03112873141646,0.346495754812101,0
-0.67116430037418,1.31185343488384,-0.443384674952103,-0.338901413083363,0.520591270283035,0.160808588897577,-0.301080560928884,-1.19713665988649,-1.39125511084185,-1.52579811612064,0
-0.0838091297910359,-1.0386800136044,0.41814249653254,-0.0537678767594033,-0.613197287231162,-0.486389632857375,-1.04873599395778,-0.956650075116293,-1.35271106197313,-1.51025091125957,0
-1.34464217998475,-0.1234617810011,-0.0416189401141212,-1.90956928283537,-1.53235724397194,-0.853846672963389,-2.34898631622416,0.300321388116564,-1.73965815384535,-1.88864293898804,0
-2.75524416604067,-0.393252753120692,0.897463382137176,-1.15537378086656,-0.247363598050306,0.210262378471948,-1.02517012023881,-0.409263396737839,1.78218049250094,0.121213067310852,0
-0.537209179508931,-0.126585044304151,0.999601114367659,-1.37884914328178,-0.370784922640223,-2.00773342868152,-0.784357981537674,-0.939772597077233,-1.37735158038788,-1.82700573129393,0
-0.0531557894574701,-1.17226976576074,-0.698570619523259,-0.572662182471338,-0.456766531703588,-2.557961618688,-0.686714739912064,-0.330936688798643,-0.577019221281077,-0.242529815018549,1
0.63830078109792,0.349856837640227,-0.101887751480892,1.81683915959496,0.782409398168339,-0.829224901224537,0.6572234816198,1.7072284018219,1.13380426149349,1.88146364917269,0
-1.32689160890316,0.622879416236465,0.57818927647657,-0.244417111461756,-1.42259202977251,-1.20021135264892,-0.175226757582861,0.352387371413858,0.825871582046096,0.461823151190156,0
-0.642287373518775,-0.779474192909023,-0.0301746994045115,-0.56020059180537,-0.609129729804929,-0.403105252662306,0.549320967003578,1.36645812659957,0.33809373098086,1.42301259006846,0
-0.401073256828457,0.785706421893682,0.679758862598188,0.338473103432477,0.785073866493739,1.09700378673959,-0.221705369552836,0.181226678316378,0.863849821132511,0.120030893987309,0
0.131838577842412,-0.426364333684384,0.658843688535079,0.082106404547782,-1.16717609875955,0.691786166134881,-0.552001859595351,0.878891548190558,0.0645543846127599,-0.143428340973405,0
0.915488012417202,0.293035258680356,-0.298436002414975,-0.385059263629639,-1.62182046805418,0.849661516956829,-0.972755335433298,-0.485270920800516,-1.5148251754599,-1.8346470553292,0
0.0470052992390166,-0.835107636963461,-0.087765427423271,-1.22214195722781,-0.661594172163304,-0.638964767708935,-0.751111002719678,0.0531370500830558,-0.426960927514693,-0.421110628705136,0
0.923334561063899,0.24881573368168,-0.917801442561901,-1.02940465287284,1.2152854738856,0.327536222344489,-0.79934101235205,0.420617250609008,-0.470633266792508,-0.418495892904458,0
1.85056986313019,1.41849827966977,1.80070626698168,1.04905966512643,1.05294617634798,1.33428054176037,0.842301271210248,1.54272018664517,1.19686466023229,0.723126925723908,0
-0.208850545023164,-0.00921258196463166,0.587129985755432,0.352863775120728,0.269020419196092,0.155394633852076,0.534325430004323,-0.627506693390045,0.0879536660422225,0.0121028506104403,0
-0.455432589149019,-0.923272407270303,0.40214988917442,-0.517340925982233,0.443831778493976,-0.396014649963438,0.0361276710714046,-0.565620452205942,0.379440749958074,-0.0844022089317776,0
1.05517259809574,1.37655532712877,0.630997170314829,-0.985769961284154,3.35553835761739,0.0588829374798783,-0.71120359297597,0.493928612601783,0.415806441050644,-0.375736900056916,0
-0.0496078207656583,-0.279363183768205,1.57972741522871,0.225589185653725,0.740749755419477,0.809857105420943,-0.867163747895801,-0.110048208080579,2.47547540973117,-0.161893331248661,0
-2.65053892477631,-1.31102881793135,-0.397058631464191,-0.490826130418541,0.997786582010171,0.0803890288455504,-1.67693677752313,0.437881797603319,-0.346519781792361,-0.162568129813726,0
0.846412172935952,-1.34018820725764,-1.31099432380885,-0.118815096697337,0.00525225685646843,1.10965386207619,0.159769555936202,-0.245674069018962,-0.410424680048892,0.286301652396536,0
-0.351533244066148,2.28740872273739,-0.2210753077806,1.8231618429666,1.1818990798756,0.523596381054419,-0.159310804855603,0.553912939465603,0.154846221745871,0.124570859579713,0
0.475453074786592,-0.60738014546573,0.880866327927084,-0.798410357405049,0.828398946407107,-1.30837573954574,-0.101132604489112,-0.0933153606165471,0.338932377510338,-0.0767138527674662,0
-0.0800184556272781,-0.220359767650854,-0.955307930907909,-0.955090985935191,0.859283503125051,-0.704981341176968,-0.118216205698426,-0.73343279344022,0.763028337376946,0.192468286508068,0
-0.0964263890933473,-0.049421997594226,-0.24501536788787,-1.03567645783236,-1.05361552830213,-1.16130898989571,-1.30796899824195,-1.80760328009683,-1.20692790750457,-2.29978545875862,0
-0.0989272485078582,-0.510276843264331,-0.48239139556303,-0.827023165497755,-0.872989902712267,-0.390280909052619,-0.973804246782468,-1.40293580972105,0.0551530654572469,-1.1158935567876,0
0.112412647704323,0.724842994920967,1.9668654161076,0.321634516624027,1.71206613015179,0.0302189980118137,0.101738529449553,1.06224156801835,-0.478035019242019,-0.371150475474922,0
-0.631980284679649,-0.486604828457642,-1.35375152639727,-0.417681386403946,0.792329723685478,0.514318262546529,-0.100079211216086,-2.11028742811841,0.610041812564395,-0.401766081514602,0
0.480868503494103,-0.567755027956443,0.622865825414644,2.00973053568575,1.09063609069439,1.22777874392871,1.04352456406343,0.797311452798952,1.5722527959071,1.67695590019355,0
-0.0878527898623421,-1.83004948137543,-0.259006318891185,-2.15288197890463,0.257682798495446,-0.324590614242769,-1.69426379499419,-0.486535067885938,-1.6341076268287,-1.79065188913661,0
0.229640195026155,-0.828559333540872,-0.158409107787403,-0.485511740436814,0.586623171260703,0.393216610654115,0.274708226174857,-1.58116066245922,0.626532895816202,-0.208156734685541,0
1.24357154534621,1.51461372937594,0.32704380768575,-0.215488785335009,-1.60236284145223,2.27575534178086,-1.35332093118742,0.678609388426748,-0.468337660888942,-1.56537950021316,0
-0.0291887344025781,-0.784215936652874,0.437114841746888,0.79835380516686,-0.736247280434532,-0.722096199827704,-0.140061292163689,0.249104524088693,1.0430642402289,0.525358802459122,0
-1.83517463591113,-0.188237957111074,-1.74674993713041,-2.04816047128274,-0.576535466850789,-0.930592344896353,-1.86913019047753,-0.955419179114535,-0.207862159079723,-1.05149376937503,0
1.57049188873459,1.51318681943415,-0.702029830011926,0.430726766276065,0.100301749370667,0.656742291608028,0.866675177979115,0.885987005351021,0.779879348812094,1.16822609883976,0
1.46359890766091,0.782961384025097,1.22204358900424,-0.365757499263393,-0.746416680551642,-0.149797278315146,1.83979420221643,1.90059437727791,1.77759025988736,2.33913012949577,0
-0.00069547571213608,1.36742719383284,0.312673661971583,0.0534113602917601,0.811096347102024,0.918404649309126,-0.250792269070875,-0.819387679205562,-0.11403000867033,-1.09681384529011,0
1.13814011379796,-0.0763692894145771,-1.56381635231175,0.671536954376928,-0.465892001918097,-1.13671733057547,-1.22315067590917,-0.743910574752624,-0.062680995405678,-0.500815296167614,1
1.01918166260999,-1.19696422369643,0.68543641377155,0.650286550140832,0.563448033883032,0.145823384006191,1.52415001516042,-2.09368554372251,-0.268189523760972,-0.505901476372235,0
-1.49533951899772,-0.653254376792523,-1.25048493579179,-2.01124484872315,-0.204297231474275,-0.754524657844707,-0.289659501156916,0.0804595822978942,-1.35690546093428,0.0851967294804383,0
0.680052510986952,-0.26093912677948,0.207781901268554,-0.717876336946509,1.13664085581743,0.038328830686497,0.989844214261876,-0.991474024752282,0.657897352361041,0.00598055349078889,0
-0.677905142502059,-1.26182498273519,0.311656068131855,-0.81226497901207,-0.38573539338019,-0.721662237747245,0.0167263258065643,-0.425269604560673,1.4067046484371,0.745303309399679,0
-0.859137194920207,-0.317212990712538,0.174593803923874,-0.38696532121365,-0.0507895727983059,0.582239252701754,-0.156891264872102,1.57884971681654,0.282853267723516,0.928995060729061,0
-2.15851240858313,-0.24103145199311,-1.98169137515068,0.763388641392184,-1.20994864411695,-0.61093369269092,-1.14756866523932,0.19969433132006,-0.569131724595811,0.260897309729102,1
-1.10090385905534,1.32597741592411,-1.08510776622616,0.256938349959572,-1.0385242025292,-0.9378436552401,0.257186299991537,-0.326230533079644,-0.57551796336347,0.058592958055628,1
-0.145750237198288,0.345670248526321,-0.552909356807833,-0.134211741717646,0.293622078101012,-0.502903179134703,0.220404642687693,-0.796807247561991,-1.02508482815605,-0.864254698773125,0
-0.113863923206626,0.763914706455454,0.80425861714666,1.140876517316,-0.5238714042801,-0.245725481287904,0.273946103130444,0.115646190143465,1.10359482911216,0.468394963049789,0
-0.153977328738893,0.314919267281751,-0.873006536546858,-1.53668923263829,0.9075955839834,-0.997994687999528,0.8634263904984,-0.587497919863438,-1.68137975581289,-0.261390733417413,1
-1.02488675888233,-0.36354842787793,-0.550511215668748,-0.187904399963454,-2.08245074528118,-1.24774709290753,-0.28815596484616,0.868258506102479,-2.61209598862231,-0.513792296156228,1
-1.27445792460123,-0.753916454783888,-0.772053212878256,1.51820315779377,0.818289498855364,0.686531945052557,0.740627593992672,0.3631181788611,0.280797606856357,1.25290524776105,0
0.522326004360312,1.16627155793869,-0.313653868253668,0.217675521113631,0.280818541632271,0.813417142047817,-0.643628888158865,-0.895141627070872,0.304543707282719,-0.802823719969812,0
-0.582635925519303,-0.633412339250647,0.0588742074475056,-0.843729263238157,0.284107204467395,0.143320800034828,1.49344086577698,0.525103214173589,0.278241157057428,1.42162303500563,0
0.286179179145004,-0.197676693694599,-1.41178311310361,0.553994008495213,-0.671564937765021,-0.568906564086145,-0.342073044482882,-0.289897207674836,0.0859839411152306,0.292465638068127,1
0.64004499702054,0.957212074730251,0.466959277139072,0.323620954192112,-0.927420040358455,0.657083045440119,1.63330220066302,1.81768315482056,0.975910726851276,2.12799219292392,0
-1.31118130346086,-0.121530206278884,-0.17823720094553,-1.10533696551109,-0.361187961775305,-0.871353135632792,-1.13761311496424,-0.870730972875203,-0.754375856558291,-1.15208463116079,0
0.521277402648529,-2.23032081144338,-0.6812965820021,-0.748941774640805,-0.571952518006304,-1.87279620592694,-0.280061153483262,-0.0144390870571359,-0.596789700238579,0.154173196780478,1
-1.07738218530721,-1.05226221470068,1.08408047199172,-0.394809256549644,-0.472401987461963,-2.10067621842488,0.395987386984313,-1.62729717009576,1.84322663092728,0.542922888231323,0
-0.0447292144002055,0.0317495353258663,-0.364198192331871,-0.340028169250054,0.437903800461544,0.957294396422955,0.404534712867499,0.0994555041566576,0.247930322311271,0.490806209976606,0
-0.584794100086352,0.82814530521926,-0.211742183647178,-0.845365225074068,1.15188462059613,0.784550122468154,1.48172762804611,-1.45972618281623,-1.55682978294352,-0.542281249043652,0
-0.591482767846007,-0.558472412728364,0.0511237318654096,-0.746424605264575,-0.846564522498722,0.0117924282263726,0.247761982702935,-0.649302342573011,1.82833272607007,0.615192293071068,0
-0.195446830873686,-0.487834782476895,1.78880626474143,0.862456780423203,1.11721253013942,-0.437417537491478,-0.0405821370575934,0.257328578615695,1.2935688062396,0.42771978243121,0
-1.34760601461655,-0.0988298922420398,-2.07073512499444,1.78742374005331,-0.0975036270446655,1.37165370289513,-0.0915217728263801,0.465170405866253,-0.30517915992402,0.848400218406618,0
-0.516419248476841,-0.459233379182146,0.475245257111799,-1.07389519175372,-1.29126177831287,0.623210311876406,1.25179287958829,0.385959067848999,-1.73960576494711,0.06666285347896,0
0.408063108312929,1.1529796716402,0.413328637657953,1.14104563517186,-0.513562737690285,-0.878912459036486,0.0587960779520388,-0.601168407338221,0.507033398496137,-0.241723005595807,0
-1.00619741736213,-0.376183592228616,1.84120784367903,1.29803131925898,0.548958215532644,0.553723781541342,-2.24513676788416,-1.20013164609051,-1.40924293054119,-2.85059930172279,0
-0.533320436172549,0.115340899766443,-0.0944596054758653,-0.683630065895187,0.995156088931256,-0.208407309677831,-0.359574688119656,0.0952244490580572,0.462045839586034,0.185046657801562,0
-2.25107815653315,0.888227760780623,-1.3385926298447,-0.765922071852865,-0.0535147776671236,0.593927026112983,-1.58446330995407,-0.66336054300416,0.66117576613382,-0.269909351427781,0
1.4774908603798,-0.858514017700371,1.32501696412165,-0.140920975845449,1.16581227804394,-0.321754671474107,1.03464401913159,1.19602666154979,-1.60978137745136,0.121950463019177,0
-0.437887010513029,0.0990946945480473,-0.661376319984248,-0.259159689037265,0.188227492101721,-1.59739154159273,0.740900589658771,-0.375248008078975,0.559786877446814,0.94157704675114,0
2.71252712451465,-1.1290004234868,0.403984778546533,-0.49332230284744,-0.265183121219488,1.37271604512768,0.343189816842251,1.65985004127379,0.621576302700083,0.896376303013615,0
-1.7376585904338,-0.393143279944417,-0.538298401714291,0.684427376893829,-0.722330404260794,-0.462363172169791,-0.169449124732986,-0.787419041480562,-1.9660756859554,-0.958985239498283,0
1.61703033136215,1.33188288434655,0.930258722433659,-0.738830054268506,0.520251295595821,1.31363625197932,-0.388777949481879,-1.13102601773989,-0.298382336058042,-1.78929265735655,0
0.750671335606024,-0.0927694811655647,-1.08278183899336,-1.94357546339545,-0.228252164959186,0.392557722342197,1.81890167759313,0.424297905816616,0.837611418477417,1.91205189435619,0
0.994809523498755,0.835424322761569,-0.556134793587837,-0.416909744434944,0.633597306474606,-0.332199563742514,1.65192212316398,0.802492354449041,-0.447547871599671,1.42939151390327,1
-1.04977450426637,1.61516570029103,-0.499954835630961,0.51214176154525,1.83698266142501,0.664655125245862,0.131542066034355,0.911220675670336,-0.202879364189579,0.593659310937731,0
-0.221656303645251,0.937800455651737,1.61020140240261,0.49205228145478,-0.910744790690668,-0.0543274895347261,-0.206514591353696,-1.04951739432731,2.15314564660281,-0.222668587472079,0
-0.235657203289192,-1.40793332752215,-0.170088346651771,1.41810650871031,1.23943280896729,-0.28079585000746,0.507398208463507,-0.648959859094028,1.04563203527226,0.996060874460704,0
0.056865051830881,0.450582660132641,2.33802783041405,0.0691721965767335,0.711675523672455,0.0107095181487513,0.366433171346556,0.686464381419206,1.93465543617228,0.872891266265207,0
-0.120179197386853,-0.0260913316059006,1.01738314139253,1.93656924725451,-0.0271790174902909,1.42965122253353,0.606305365185799,-0.456645235466353,1.08400535129933,0.315065493608795,0
-0.681878245633438,-0.224020104399827,-0.629317276017639,-0.591229791166478,-1.29589439629359,1.00471551878522,-0.867036902807611,0.261602832472119,-0.33209770533433,-0.147514742307683,0
0.0857085052887441,-0.110838445310934,-0.829885118132419,-1.16732977157726,0.0412520519545503,0.112776706841544,-0.372317868814891,-2.51061945705973,0.881289031983169,-1.11556540828411,0
0.966873050607225,1.7044896939136,1.20723130567708,0.190853520488111,-0.402758155319711,0.885601876678604,1.33108943369955,1.68118945692164,0.755738873607232,1.04567705093286,0
0.735290478197159,-0.262721546533821,0.813378459392331,0.36054581812602,-1.95330233223293,-0.639197896550672,-0.0519610635375018,1.1837018884129,-0.964255719203742,-0.315434926296158,0
-0.333704545476129,-0.840222564510093,-2.37133705280528,0.0385547782908023,-0.929962293714075,-0.154231853443984,-2.04535029298035,0.0531800632762438,-1.78352864581716,-1.06369867660148,1
-1.62434776404132,-0.230229469712943,0.382987280407737,0.746419029205336,0.619044385738165,-1.87919545455364,-1.5264033876895,0.290808024691197,-1.13642047304618,-0.733797064569553,0
0.340334132287928,0.942467298136968,-0.173918656286834,-0.643745397556054,1.08555094848599,1.94477293379642,-0.220661321684136,-0.0402941506234462,0.24737149256894,-0.562973931650893,0
0.672823545750334,1.22531338116153,-0.40749401306007,1.20755025885103,-0.635670609712057,0.311243420237348,1.54346658760971,0.863715593839986,0.201420931846408,1.21779895220759,0
1.42528466599975,0.716479297849791,-0.0664841838286456,1.60990095701724,-0.645599266007417,0.21710220066385,2.08869304288174,-0.966180188628114,0.243204722357575,0.288438592578855,0
0.169227893687445,0.436861371398358,1.0202372493454,-1.26950583628406,-0.164349878322285,1.57359430862259,-0.659852374770867,0.641734258720581,-0.681938202335495,-0.86571084342513,0
-0.0696147222366759,-0.120677867511472,-1.04306221492605,-0.543533860412994,-0.00143264417033381,-0.181590766476046,-0.425643224573217,0.25615227868059,-0.68195348643974,-0.318307611488488,0
-0.574840653028104,-0.972703903080489,-1.76290202594947,-1.17986040968302,0.419968551379677,0.397685932191541,0.229685156986173,-0.695582721298552,0.459554528817053,0.852301264745759,0
-0.0557171678944094,0.179542907029449,0.0665990157743986,-0.240884572947746,-1.02535722317973,-0.460151502799856,-0.17447069214904,-1.07288585243146,0.274975119203574,-0.58817068223523,0
1.46711008719971,-1.0884084900191,1.38535871823651,-0.0167311203401888,-1.07793953917783,0.209905723939962,-1.5061693371078,0.591064675248157,-0.144151231376122,-1.07950213199562,0
0.302232633970665,1.74985125186453,0.31526137547246,-0.167160041297976,-1.01757434175918,-1.01413712204853,-0.187738510251115,-2.11297545529667,-0.452814501387506,-1.88205110379034,0
-0.800942523192506,1.361292719576,-0.135886434456275,0.499029855234606,-0.362473212661365,0.32761184197038,0.947963248641443,0.386967267731573,1.3006612725465,1.34451434173711,0
-0.950672950392719,1.91877567289195,-0.306167128091553,-0.0203517317596871,-0.448055965936829,2.11873809797195,-0.103051054814645,1.17555556227197,-0.608158555966014,-0.0267723780312091,0
0.850344640895696,2.81503521551183,-1.05664135426922,0.531946963195651,-0.0107541248535339,0.0351932092344295,0.39679648789874,-0.736053665541826,0.762684618649181,-0.109080156509583,0
0.315186677747866,-0.69365740463162,-0.514206428605239,0.487170651984318,1.66706563246176,0.600949958929879,-0.464860851816088,0.322547190041671,0.374388210610984,0.187061799950817,0
-0.198559868076887,0.509553960046646,1.4763615444892,-0.774049198508835,0.629844994534286,-0.486337160038365,0.227730893257526,-0.0608640484237411,0.28456738511897,-0.18411750873991,0
-0.304137306228227,-1.53096509863069,0.0682853725378516,-0.659171168779121,-0.296205153910059,-1.05486777495833,1.09386332015694,1.13821702527605,0.646668021112911,1.8979312182394,0
-0.333982772144439,0.0871882667784643,-0.234540016557288,-0.147301189595456,-0.154189205206035,-0.863342742896811,-0.381885039074317,0.249500493278269,0.52278280329229,0.238871425114157,0
-0.621674266559763,0.426904643096055,-0.301630975026952,0.361574828266998,-0.570259945272461,-0.240797535582485,-1.17084408332065,-1.91917270486679,-1.19917091616655,-2.31272557956951,0
-0.735528282949976,-0.974834800961449,-3.07628118068967,0.146963646210356,-2.24357656454246,-1.39509065639997,-1.18926768924567,-0.630052513396359,-0.618141193092537,0.0193110627195105,1
1.36608359005854,1.82713862002976,1.79749143508947,1.23462211651176,1.66341007700787,0.285069197271842,0.188996171154108,-0.492207504278718,-0.400748271265165,-1.33462919573494,0
0.612994559250736,0.815712546344481,-1.03680178790445,-0.340580565225479,-0.391493517068669,-0.586971537812442,-0.722770263209855,0.989309742866456,-1.06241081744856,-0.439903833730894,0
0.801752954633718,0.816126139689016,-0.178241685079771,-0.95859177752654,0.0402614481861997,-0.286258048940433,0.128295985667378,0.251282323914919,-0.558505237871255,-0.542988095050542,0
0.460499468427573,1.22514826170019,-0.349826342978167,2.63586221380137,-0.468868615850952,0.217360864078406,-0.712819374121517,-0.250639824598962,-0.576921123846749,-0.881616491447191,0
0.106520838666161,-1.25500943572014,0.590076881503492,0.602948824533604,1.69826696400456,0.826598407289153,-0.338545519363605,1.24857377681099,-0.237453574232272,0.448877053378125,0
0.876922901330772,0.255835330739572,1.08229092823729,-0.899706592053347,-0.0338767211220046,-0.114469833476918,-0.521373289791852,-1.69998566357199,0.987777386042191,-1.33058378737173,0
-0.4201677973652,0.461485003538262,0.274125184400216,1.66121394455267,0.049489440319002,-1.18328893876729,-0.541718768288412,0.00342081146616521,-0.848259732781223,-0.580741500679053,0
-1.45386113117046,-1.60161739522126,0.517837752444572,0.476960058687762,-1.73279798580654,-2.41372341052976,-0.845875411568393,-1.12138061204351,0.635942999755247,-0.226327470090341,0
3.27103899993715,-0.74784713547128,0.734045424224098,0.434070847744378,1.20567935507633,0.964241626403679,1.41661735432384,1.55498243040317,1.16273951929261,1.68400266580026,0
1.38117352179411,1.16888118468102,-0.89735927449996,-0.390400862497749,1.54069301718478,-0.0855549067008322,0.797724798432295,-0.314145109055559,-0.435692306089393,-0.0405805930275154,0
0.6085858545126,0.363482020704958,0.741946476124422,-0.00822853787205724,-0.518024041279289,0.272717620991418,-0.875974636864101,0.571310827179995,1.0419521594219,-0.127022549534319,0
0.16934153514714,0.753437732765249,-0.13957705626883,-0.381312514956645,0.153738455677703,0.643182143522318,0.714781590361012,-0.53839384173093,-0.658636427749912,-0.460594439767417,0
-1.31957811178535,1.49035711915764,1.40498925312971,0.773377208855894,0.56303424427777,0.27575406346734,-0.00503347544192868,0.775816413075667,1.92321308444458,0.983188397010925,0
0.900538092777852,-0.728108763944153,0.313636212059871,-0.944400385360456,-0.776641612579625,-0.698167072262149,-0.660621379127154,0.764580675229031,0.70845241181995,0.340102167076456,0
-1.26502421168175,-1.94840082043993,-2.04977191507406,-0.234495687765536,-0.207488888421241,-0.238217347076981,-0.933821891173616,-0.897473906883109,-0.605033429624216,0.0335256632595675,0
0.0503016145992519,0.178392072525411,0.255896687607901,0.786925189221323,1.21896904376094,0.1053541774868,0.781639422673,-0.485262583818142,-0.741831557354894,-0.216789070086382,0
-1.61333987751014,1.43233036877096,0.202177708570972,1.42206024209673,-0.771978217124963,0.0641507886978546,-0.496054270688971,-0.665171116016654,-1.57037440070816,-1.62643280885458,0
1.1671454102484,1.62212079765058,2.08269113784612,1.15642631854482,0.00522762870003228,1.41286504555784,1.79882536268369,1.99629509270893,2.08161073631367,2.02472875670337,0
-0.234919556366875,-0.335923920220279,0.079979889059524,0.236702045193791,1.05721808153282,-0.0135741795065112,-0.0868737077978403,-0.627194428565822,-1.24010204813973,-1.06728298280101,0
1.22899584369403,3.30700837483577,1.74894424321238,1.11624544315026,0.433621011591232,2.0708065513275,3.1447980206443,1.91661482064382,0.591120323100034,1.70765807914802,0
1.06108489423454,0.534589574471151,1.02670008792476,-0.527808630143849,0.895247583683901,0.442085481356863,-2.43039702085126,-1.76260353722063,-1.35485804806221,-3.71991173779568,0
0.679436559719132,0.766191189535242,-0.23146736701893,-0.200161166191383,-0.935494430162803,-2.93171567019265,-0.342428890205726,-0.880315909569559,-1.80488924517857,-1.46980019730208,1
-0.269230238810562,0.77045785723905,1.08368614470662,0.178879668931442,-0.260495884240205,-0.954668327483854,-0.0594717102022283,-0.761283274601151,-0.709651210264945,-1.10190666649692,0
0.837607336567451,0.320595301275655,-0.162600662580492,0.11281883768866,0.336108826164258,-0.537650397695044,0.489667315002995,-1.885129899035,0.607479792779469,-0.637969504690543,0
-1.7987138811138,-1.01521211381656,-0.416775638283299,0.239134498858689,-0.563178544436771,-0.18476994254395,-1.07156883351459,0.417462233941792,-0.151981078958286,0.281073387560846,0
-1.77401623136356,-0.608713539554394,0.559359274650748,0.162275895501853,0.654412867422814,0.291769406307421,-2.2038537129847,-0.233349824494423,-0.69061770285817,-1.45768681946589,0
-1.87474151549591,0.908885356087126,0.578353733352283,0.156076616923853,-0.225380259498913,-0.916416002821963,-0.174011564406451,-0.563779684237757,-1.62244678628685,-1.170207574286,0
0.750375457118092,0.37484401182433,-0.150804734634173,-0.507621794010962,-0.429891985364241,0.785556157388039,-1.09406305562227,-0.402237874648644,-0.0464810973457872,-1.00993145760688,0
0.321848778482625,-0.00500372228784807,0.198036213171745,0.329228159088499,0.73460172584744,-0.126395720661299,1.18470728599941,2.12659872271533,-0.638917672202887,1.4455765805406,0
-2.14172359637695,0.147112375881187,-1.62463676210792,-0.653563120791955,-1.0562373110029,0.335435991456701,-1.1106946587526,-1.36180161961496,0.0573841780990738,-0.777658533363473,0
-0.444728072364286,2.02616305592002,-0.0188046537782884,1.41957330807286,0.863455781796396,1.24289168428133,-0.72120478346051,0.13483698988307,-0.189299322581812,-0.81254464059166,0
0.835901717431854,-0.142134047439334,1.37470121023323,-1.441270082148,-0.863326755267114,1.94763538523387,-0.438562478275517,-0.0943990355100023,-0.702754579273164,-1.46349591098382,0
0.0324312382925715,-1.06562629942244,-2.06974874239688,0.2121490614545,-0.934302265143806,-1.68072631308819,-0.19522639475449,-0.61358680123197,-0.0754790922413301,0.427713318814812,1
-1.97888089431929,-1.32109521144872,0.683077517173453,-0.177570080087174,-1.57301791607391,-1.4043813407397,1.04705736877234,-0.994246247277707,-1.09775507031195,0.316415293697167,0
1.13892270124118,-0.595829527608837,-1.76268271671982,0.435339041922828,-0.269195548383462,-1.08833290819815,0.43526338431045,-0.455515356253606,-0.186984341579463,0.673432137594593,1
0.595906400622942,0.19714866774416,0.0517505093380651,-0.706245134453777,0.177059819695033,0.622347491813032,1.03251765738306,-0.646993576815801,0.854487665415275,0.517886656218916,0
-0.387385539660205,1.64074893384466,1.26359944030912,-0.797396262748916,1.08436095452911,2.31912153734349,-0.421213777275726,-0.293873791033181,-1.04861189266248,-1.73694218231595,0
-0.855512819981927,-1.07810609225453,-1.16051940730182,1.44612702015343,-0.687104911319051,-1.02768624401892,0.565301241108069,-0.0539706503314059,-0.777247239014937,0.840899429138501,1
-1.5963669144802,-0.514569405097559,0.346827233663302,0.699787915614314,0.350603442241156,1.4606885138727,-0.73382028415462,0.62159974310899,1.1813657255122,0.807865256427438,0
-0.394833119743411,-1.02319439353194,-1.60102990459082,-1.73893873549371,0.89249474507324,0.13889330117213,-0.465307380891457,0.212575717871374,-0.229229887996714,0.303856969540556,0
0.134006134902106,0.970646427912125,-0.802759513748744,0.0802337572471098,1.15864322589294,-0.538182407454461,0.432951306055762,-0.626136482803244,-0.536115851884018,-0.34625105923492,0
-0.720732247436523,0.140763145750953,0.0843872285447159,0.573120069443144,1.02861457900198,1.57525062383692,-0.876380581929817,-0.671241793292746,0.326353742622367,-0.743917462127293,0
-0.909559943311853,0.285411410422521,0.338277596409184,0.692929075386139,-1.71721005847033,0.688756836235041,0.799394079097958,-0.312050548200774,0.404058486255224,0.31759937469812,0
-0.322014732426823,1.09913373646424,-0.165185150890345,0.209288029026958,-1.2234485410907,2.04344739062682,1.19116816624782,2.32367315151374,1.58151970338299,2.31360836520778,0
-1.11292645928474,-0.788256930286624,-1.31646153601036,0.237184723491639,0.663855730515007,-0.286312294278968,-0.371512857216468,-2.19966330760479,-1.07843353026376,-1.2632930225408,0
1.46013277480595,-1.49668468938554,1.4254585513371,-0.0256592647498066,1.72723748313269,0.0219181901892672,-1.44317828558615,-0.403943763388398,0.827647126663833,-1.11773198838894,0
1.29396526909664,1.73233605350642,-1.72038875464335,-0.572850602074328,-1.00184844139681,-0.301103811800824,0.146750764336466,-1.20071896647534,0.0515429554347129,-0.713984392045492,0
-1.08577944091393,-1.20049566433144,0.133814858073596,-1.8396922065969,-0.497586436814577,-0.994822946606632,-0.0514844216833644,0.0631207436206721,-1.26345887745903,-0.194123983028645,0
1.59611552175333,1.64179973616181,0.192951375224842,0.192825789604119,2.77403955707928,1.42159226996864,0.499844367986266,1.10167708473913,0.042324288284524,0.366228377187795,0
-0.0852776040605183,-0.876995322155325,1.23834396174916,0.203056908693106,0.260018816620181,0.665705272855236,0.59685890148956,0.277644773231908,1.5084011247177,1.05788454136855,0
-0.712181577694522,-0.600478608001126,-2.95154644678955,-1.15322650613716,-0.681153608238252,0.267411392320165,-0.457855804253722,-1.0324453235112,0.350413107789821,0.321096984303874,0
-1.25803046085626,-0.475871315844419,-0.945320579174676,-0.7483706738873,0.550286175007192,-0.340155196821711,-0.611107278501432,-0.620661115777629,0.754545559817287,0.118631008241352,0
1.00640259909094,0.887883031138083,-0.187127691323036,1.43839376947835,0.462152106506882,-0.251882343140997,2.22892099002454,2.37198377061644,-0.0109912145552293,2.51249438974542,1
-1.25955976944574,-1.00571061663804,-1.70394824939262,-1.99427500013678,-0.572023402698815,-0.809830305150548,-0.78892627341539,-1.1027091445497,-0.929441207367192,-0.616087470126235,0
1.13134211215668,-0.693083382246079,-1.78423297282775,-0.402849350847306,-0.68504422697889,-0.137129568389449,0.397906930760769,-0.939129956289652,0.209247993281902,0.218318410674837,0
-0.0185516675198631,-0.246316477107422,-0.954168370497078,0.563452011225008,0.443399439692798,1.3908461251027,-0.558009410042946,0.157648871485336,0.194551269694362,0.108282878339482,0
0.756330008964124,-0.413579306040797,0.985957725243429,-1.51601680115975,-0.0606228012033402,0.642220657398317,0.167685402532129,1.35748001193193,-0.496683470149887,0.261559453138302,0
1.44663502111807,-0.86961107461185,-0.419705991198457,1.21501863781489,0.690193090692049,-0.00549222950089373,-0.962947142813189,-1.01169596374292,0.192101844197293,-0.805216987070627,0
-0.637499265375671,0.928277314440293,-1.08343976212685,0.901347471751234,-1.52983218820654,-0.429088704462382,-0.941948763776798,0.847264539216692,-0.0665540316917141,0.0584030892015442,0
1.31358723462745,0.978353456346292,0.35094832881481,0.463085331199503,-1.21526902120418,1.36346860997368,0.172499103699974,0.632800599681272,0.957420522512943,0.194313671482628,0
0.690293928181696,-0.185287789367669,-1.56942370154561,0.137991549909151,1.41212155991049,1.07608388518463,0.993130087338522,2.46380779829055,-0.11870624117579,2.17935186247672,0
1.24915551747091,0.743235091901919,0.193639409530744,1.43905617965428,1.33347414624196,0.140445941448653,-0.693520436030023,2.5109735762136,0.868700473363128,1.20551393117358,0
-0.338336632501869,1.12202504049687,1.67791196262808,-0.183896794060713,-0.671811935781184,2.51601957055315,-1.30825028253311,0.147635513422033,0.0784006552077577,-1.60790857613339,0
1.00243591141801,0.793091631757691,-1.89605758572765,-0.286023383632211,-0.836580273514931,-0.698381024023044,0.200575415038627,-1.65780256906746,1.03571250730057,-0.0037527951356946,0
0.48213722646146,-1.252172168541,-0.409889135741819,-0.483923564928546,-1.02591182746236,0.806360988105647,0.211874962243027,-0.150918757065704,1.80725656782098,1.11421259212921,0
-1.0220689436394,-0.21518049635045,-0.975168084450985,-1.86345925726414,0.670201139542896,-1.55905793618612,-1.22082888107139,-0.0508081358583248,-0.990145234848409,-0.532781935020988,0
-0.275877418075726,0.803387256828759,-0.151364714942359,-0.472708649892746,-0.137389577543851,2.17881653707721,1.50498657155873,0.873610206488914,-0.151158730647594,0.976677074901711,0
1.04682998866401,1.48406336588412,0.448722581494112,0.200117397170494,-0.0163407966518257,-0.842919218693082,1.68632565505361,-0.830900390824267,-0.0320203078948564,0.12025941008811,0
2.07548816375306,-1.68719192155494,0.510353809889866,-0.541824034505314,0.374117423853326,1.19521439540943,0.188038372500498,-0.321822624108714,0.533749430685891,0.0377458007110546,0
-0.157008510882586,-0.0966525531951009,-1.03766959149374,-0.810659862603366,-0.365821138023287,0.214556221525906,-0.252595230085806,-0.535407205145417,-0.852800774433742,-0.485776418158327,0
0.956487973505199,-1.06285553390154,1.72083632114864,0.600201704162029,0.559853225630773,0.110239182650928,-0.137124735207131,1.81968320843544,0.595916392474588,0.764690706098419,0
-0.122794251132397,-0.1114530652248,-0.838220685509743,-0.436851590043485,-0.753984975394221,-0.488960936400628,0.173264520311037,-1.65543443209827,-2.19745739962378,-1.56604594706925,1
1.18939538880098,-0.981031408474906,0.648552470103719,-0.297799898737335,-0.488714427489408,0.0989018022348056,0.2208586775038,0.852964209754952,0.696863587450144,0.860582708819492,0
0.455076559055554,-0.846617555264261,0.0683380244016311,-0.770924514532164,-1.95392351353817,0.334165941575937,0.647727538869219,-0.96831782419463,-0.0589747887927492,-0.0176116233985068,0
0.672192275161709,-0.691496103153349,-0.551073114066716,1.19286201124628,-0.39438677392048,-0.846852509128278,-0.544604954841511,0.368449023459463,0.921337288354118,0.64421851957767,0
-2.17385993348671,-2.85146921653347,-0.381502634395222,-2.17202315462403,-0.690064453650947,-0.838107380278923,-1.57573566222964,-2.51091024942652,-0.346542113884381,-1.4251159955826,0
0.0996400528965522,1.25532836868368,0.186461381048765,0.165633814390953,0.370669519637435,-0.207453197563796,0.638853280400888,-0.0976328294076614,0.983007162811048,0.663591223506046,0
-0.235809625468386,0.0814804085115225,-1.7733353377562,-1.02562203258896,-0.447311681017559,-0.0193210759725297,0.887881196202852,-1.99713784814561,-2.02523815370375,-1.07774479279294,1
1.28634372155654,0.0428770054534748,1.38591303050448,-0.146606388837137,1.70087591083136,0.433735048451385,1.9184072323961,-0.435924264964534,0.589651920172373,0.635737839406272,0
0.405370258335442,0.561724986585169,-1.40134421694465,-2.29350840665182,-1.18515823025906,-0.461361699158303,0.545561461728777,-0.0677349858035546,0.910952230798615,0.848081945966122,0
0.234028130634775,-0.290100255614607,0.00781902421903924,-0.914504989323159,0.173565879905896,1.96132573684833,0.430542105192652,-0.849773047186104,1.28417012117522,0.28803454226228,0
1.15134806554749,0.0905394300352708,-0.100290927614995,1.33267903928276,0.639662667730788,0.58738907426291,0.303029341084586,0.24801233190558,-1.01878094850903,-0.357792834595547,0
-1.47090706277063,-0.556095661342757,-0.259131888888924,-0.0685756541279841,0.299043222933112,0.530694593802268,-0.713479837709392,0.430867420742073,1.32289324988539,0.877494684126535,0
-0.562317735591501,0.675976608565462,0.177621972831712,-0.373637737359836,1.00823868680573,0.226830028225586,0.880114149468779,-0.482238759923368,-0.28821634657026,-0.0468684209720066,0
-1.04986148201608,0.164834291822895,2.19756598941158,0.275512182074252,0.665377025859793,-1.45309894044014,0.206878344829307,0.599007524066876,-0.686268446688285,-0.313887155737841,0
-0.614001892674108,-0.36431664884787,0.227746945919238,-2.89082076844091,-0.446592831148392,1.09802870208817,-0.759004455107016,-1.91884899158446,-0.784202392705413,-2.13591906596198,0
-1.21798939080614,0.742106746605918,-1.2169901737248,-1.93701740247797,-0.965552307778239,0.929585058610301,-1.39127111157857,-0.421331217807267,-0.305104998511676,-0.757617513201064,0
0.260068717673664,-1.06734084144422,-0.314636372994291,-1.68286084985742,-0.277605783198105,0.0488323542272889,0.844976872260412,-0.486687679613852,1.32865058913227,0.988100006110133,0
1.230728574233,1.4294302416488,-0.146619972579157,0.610282892300414,-0.268409514386813,2.17075112238019,0.681680812151271,0.179238788972576,0.0671339422804433,0.0556007022424386,0
-0.982710260865954,0.74262363002909,2.0855322700784,-0.106854067455887,-0.841652240458246,0.744447790503465,0.148254982527158,-1.48711537701386,0.469205864728194,-1.19487716480948,0
-0.339657072554406,-0.527176032067243,0.112525597040589,0.358064762894117,1.04734092286315,1.06061735887419,1.08467738610255,0.546016713666025,-0.470782355415472,0.672267796314857,0
0.136192891396722,1.70624727267073,0.237662132897969,2.15975054018704,0.211108576666345,1.71918734843532,2.37958738736611,-0.480602201856821,-0.0793805150065148,0.670385082760676,0
0.0725176160437049,0.213936117697812,-1.37158649100331,-0.526505926431122,0.299631813167951,-0.412977544772282,0.616617953275867,-0.0818497708324986,-2.29809815614628,-0.354832828458172,1
-1.28896807739945,-0.322002648699491,0.217915868401167,-0.125980246446021,0.545376991115899,-0.1311996895264,-0.267538376517897,0.66590714964962,0.949927253547567,0.881094022963669,0
-1.38023501236456,1.45685082944245,1.08662198745513,0.0881829272819753,0.681688781763433,0.488484768927993,0.000384238684928088,1.23719821294923,2.09538604828581,1.39096585639915,0
0.36623812102366,0.367784057557266,1.30658434551649,1.89728806597432,0.017718219450436,2.06202529512927,-0.671546701610775,1.0389253219934,0.960460364130652,-0.0662011280126697,0
-1.631643804754,-0.391731393684991,-0.593714195473982,-0.144958566590594,-0.142779228026008,1.40407593849243,0.835178159883045,1.22351164075493,1.47989716332908,2.30833757742131,0
-0.70282220899633,-0.604856263706203,-0.579941225506666,0.521301493686023,-0.998816391509607,0.395967534284941,-1.0322452193423,-1.22868011302386,-0.289463874114041,-1.14817944951885,0
0.319629209424601,0.337166465698571,-1.63308553716483,0.357522467822866,-0.135431520950271,-0.207776028777863,0.169531752106466,-0.00141590912874378,-0.681769124345225,-0.063160956456796,1
0.577206198427434,-1.63368514439045,1.13793347642726,-0.810682466537937,-0.209861202743022,-2.20982228117315,-1.0946725066317,-0.154022054167818,-0.0370747860268646,-0.842155281616396,0
-1.8428691555313,0.780105556298597,-1.15367589324716,-1.72125979050154,-1.03172165677238,0.248403744172151,-0.927143590478809,-0.950078788203695,-2.81380137348122,-2.04661125179738,0
-0.474545566583676,-1.69649302761467,0.0989400587961309,-0.571620058203991,-0.153415588517871,0.25205311843822,-1.37345349527606,-1.39973781032489,-0.611230143687446,-1.45877074338129,0
1.92103646492896,-0.989361062395757,-0.573857121248278,0.684703722515618,-0.512457480860256,-1.8850442689486,-0.878993488231098,-0.652538518717737,-0.737430599273186,-0.977867695713766,1
-1.15709583682838,-2.39821909064683,-0.656743578651463,-0.0443957367478055,-0.10648455382736,-0.909805799568176,-0.960103975645906,-1.16013202344235,-1.71416937634693,-1.2288579754209,0
0.543924600173885,-0.315751385123996,-0.15222994746151,-3.04510697956746,-0.451559251829281,0.522309380535243,-1.24831924095671,1.40657666827439,-0.942767312005112,-0.558396455099227,0
1.24481825878242,-0.225455766851052,-2.08794226797703,-1.12974000797342,-0.295433715797841,-1.90756366468526,-0.495628507430915,-0.185512554863995,-0.867070049640413,-0.370196169559659,1
-0.45720089829663,-1.17843966280629,-0.149119665799292,1.11993877517028,-0.640138224860138,-0.790760187423473,-0.10046405566615,-0.504789400592772,1.60013193289476,0.995379041334985,0
2.41596544443717,1.38102399739063,-1.57583063500423,-0.616216591028794,0.888998964493753,0.454574767042562,0.300154246161092,-0.168907289385972,0.62473162526773,-0.0937450366786138,0
1.32948625543133,-0.465470077601665,0.885143517231599,-0.581961614145333,0.469627116469429,0.867831459163018,-0.141861136857412,-0.773374783509591,-0.0671007221165932,-0.982251331160514,0
-0.677824278809319,1.75858153091679,0.106799734371751,0.264787421642006,-0.322543042746507,1.36772376586875,-0.0640609101813597,-0.990180794007424,-1.62762688494196,-1.49231584561572,0
0.911160525086049,-0.391066438598045,0.673813504684571,0.688276501740156,0.686296021257966,-1.72405638723996,0.833173916661038,0.0600349016536375,0.88112968155521,0.761474506579179,0
1.46251952071297,0.121551623943671,-1.22831638956965,0.745411673037871,0.110256855650194,-0.228637283230393,1.36084430226863,-0.0468873973156477,-0.364307380481765,0.739865982820739,1
-0.261569497931474,-0.423431874228137,1.43417106534382,0.0415798538494207,1.4492187486531,1.48131209291457,0.801757891621913,1.13478493057713,-0.241565424388473,0.624860196249007,0
0.973479608394459,0.35489681028327,-2.79533572947237,-0.0360962634917339,-0.432727135085583,-1.20606202086925,-1.55353857581893,-0.0333794947145292,0.385521136253109,-0.11450059499048,1
1.67405392434734,0.234515269398932,0.0546070342749515,0.927035917207346,3.37782021944285,-0.181012449891962,1.37732375161256,-1.30377494325026,0.118851882494308,-0.0784190903697671,0
-0.407056379526025,0.392459462196213,0.632125301626081,0.659452977652269,0.115148634864974,0.427604653984021,2.31871196645276,0.659292125731467,-1.98443545284191,0.664920813399854,0
-0.289995354595509,-0.303713159102978,0.378023518584177,-0.531014109159999,0.363927978842356,-0.0182941908631811,-0.355862855259075,0.659703181114745,-0.337330871883365,0.00242805198881763,0
-0.211242383504565,0.434680125287501,-1.65608946054505,-0.629361729733414,-0.322707810816987,-0.802640474187528,0.168264365896839,-0.31063099894963,-0.162779223717693,0.206515723272085,0
0.95089511471685,0.356090199621653,-2.20212920837791,-0.539666298189947,-1.12377444004358,0.556792872376708,0.297548891096719,-0.439161857947994,0.285276290735201,0.387305441301491,0
-1.2493269047116,0.0855523479532042,0.357737321005006,2.56524288838863,-0.753040198567112,-0.358766144660904,-1.8037516213397,0.73529403470998,0.243940327991106,-0.427245463452077,0
0.915134303418062,1.15946194122084,0.878566362293481,-0.326667054815591,0.162622406884622,1.44249913674214,1.40861356005572,0.694374003546312,-0.953671276764215,-0.134861640833425,0
-2.09875456942581,-0.313812334183365,-0.716383339283935,-0.727643039473331,0.334837736326981,-0.306456918086556,-0.658750544626613,0.386918842718941,0.493631043538095,0.783711971827307,0
0.111394917356968,0.484629884720144,1.47743032515331,-0.0452496325569696,0.687095823723096,1.14126299952014,0.495316786453471,0.222208407678202,0.16802836275194,0.109302576153763,0
-0.815525062890716,-0.451855428521229,-1.38710199201433,0.431759004384243,-0.640633543267692,0.0144669118426566,-0.813006897759155,-0.806392935386553,-0.353794368043102,-0.350394962775176,0
0.556152006326736,-0.914290321288375,-0.540803038455201,-0.0723682150374904,-1.66603105570477,0.869324939141825,0.0996303668485702,0.180110093552118,0.552561508075942,0.486385428080141,0
-0.00416232806352967,0.249269745331365,0.901185779455572,1.44617101804631,1.49488329492417,-0.501409009287958,0.809621606659234,0.773268680574192,1.61663173308771,1.67878452518511,0
-0.555027006819201,0.147985551082998,-1.00059877869481,-0.215198213038405,-0.646373516832199,-0.520254938225811,-1.33338656326433,1.32656337517395,0.248364299282819,0.705809839998644,0
1.25380668046061,0.238647046591719,-0.200269448062194,-1.46270066436544,-0.205179653499562,-0.00814691972368742,-0.204834930431198,0.0845426930193475,-0.767292888612538,-0.624571155574939,0
1.06192669632379,0.849009187885132,-0.264039605930257,-0.813501566950668,0.93576371142149,-0.787038543088378,-0.611571489472596,-1.11087627526778,1.12152304471811,-0.605134254748327,0
-0.502096930799236,-1.10882525717013,-0.254146667388404,0.104698191139136,-0.181469351928638,-1.03166747541673,0.934454289310717,-2.19817343162856,-1.28801450778987,-0.744404893533973,1
-0.885763716186513,-1.21528554522477,-0.429345919221301,0.0524970242542809,0.783562160161481,-0.639217561569424,0.230189381216757,0.234110795807563,-0.860448502805265,0.383948613887401,0
2.53343272232101,0.405967341123619,-0.334521381751611,0.0943288677713552,1.03000580498247,1.27998367408982,1.27963642438521,1.08444321680349,0.127615187416684,1.00701678146765,0
0.597223061773087,-0.177336308149709,-1.74464200764376,-0.0150982340784916,1.07018575746343,-0.282756341332227,0.797813694692643,1.60356169346497,-0.136796225503285,1.88135647029796,1
-1.33867434576548,0.713570531653947,0.737516995978471,-0.600586721146608,1.0232352636705,-0.614793635292366,-2.10618619100773,0.403092661630093,-2.15238337177829,-2.14645377082817,0
1.59893968443391,0.356721791062675,-1.20455193515675,0.81517452525751,-1.53071829842129,-0.621130650233076,1.49293705287555,1.25139803776298,1.91382470049155,2.71738569685765,1
0.273470221844358,0.317477820976805,-0.288663402104606,-0.765521162634216,-1.32477246723439,0.604820092127551,0.643740819865612,-0.920989241441734,1.66419099715873,0.748407080521244,0
-1.84830840527217,-1.22192890621096,-1.14771411145715,-0.676371366098258,-1.11266665499648,-1.04524317152798,-1.69502750188278,-1.53852270131362,-0.851484887110895,-1.2463265809966,0
1.13922748101856,0.193569800732574,1.57815204850477,0.303469844429903,1.08848674635792,-3.33172378992009,1.72416965828018,0.759561165573082,1.03125046652658,1.50784340764041,0
0.611055656320973,-0.332829374247381,0.677705321336249,-0.139332570100391,-0.570638761361733,1.30585188923602,1.06997935852524,1.45693334583091,0.233217608225934,1.24721666265593,0
0.482242975949824,-0.399863428048459,-0.0750470131287244,0.415591181362635,-1.42634100094356,-1.33209939003936,-1.27097756827483,0.0654681379003349,-1.37215525754883,-1.22968372509644,1
-6.05902290644333e-05,-0.968372305860587,-1.39845783763609,-1.0972073899197,-1.52739727981776,-0.859321945191575,-0.111023649619637,-0.387835457800995,0.0218143525477351,0.0412365917053494,0
-0.803651583844732,-0.648686074865232,-0.351270638748906,-2.29834922488953,0.0401994155850361,-0.434882933852533,0.266748469595887,0.446382068891739,-0.409882433681198,0.458311765771251,0
2.38471190875814,0.574176637274215,2.09878738590552,1.27391012390575,0.845957610008055,0.724579076232304,-0.46172374088668,-1.00102807534669,0.765974252081233,-1.66308992016651,0
2.63238462097915,1.07385431117535,1.48299241774474,0.670266023417598,-0.752430690425628,-0.235131002344781,-0.453999809540226,0.38751234277059,0.629338509795057,-0.814583136899117,0
-0.606492855634617,0.185630188399297,0.511763196808939,-0.805170085691665,-0.519543563320773,-0.485966170764271,-1.04552849177615,-1.27987451251286,-0.287048440957085,-1.60294367427355,0
1.11907077505946,-0.512780169108949,0.984174826176812,1.59160882615516,-0.0654741879699233,-0.799363702302837,0.641651339366301,0.150170439574936,1.70622281093166,1.13236101129179,0
0.0378847394788512,-0.486257181174994,-0.534164207498519,1.1608148790248,0.593355569215471,1.94972298899113,-0.116886815055705,-0.666141621322553,-0.279359307539357,-0.270401328776471,0
0.00197725992549601,-1.01803027078316,-0.100604183536226,-0.27304597438237,-1.34274013165504,-2.23696229812358,-0.00623035488046744,-0.116997490080886,-1.53411145429715,-0.602004721092817,1
0.0608180990410262,1.16130160669668,1.26216324425656,2.11568190217813,0.917881779960284,0.154108339141942,-0.434933015171246,-0.529924604513135,1.00082434147924,-0.523872281387409,0
-1.56818050162115,0.867280357176178,-1.08813626040768,-0.359758990193861,-0.567681930736149,-1.62817260508875,0.250902810778332,-1.45140177433108,-1.00048453363064,-1.01131745617153,0
-0.680247127322033,-0.381684155541683,0.288388802867377,-0.232118399755434,-0.390751870944648,-0.170596517489666,0.0477711929666339,0.706644264132588,1.43222362429972,1.14947469475826,0
0.822686569359129,-0.476110382482471,-0.294425953540286,0.245166319554384,0.0953875135145579,0.451343938267367,0.903721191864375,0.363376723443803,0.606743023243462,0.99441999704725,0
0.661005588092439,-0.0825373723447146,-0.353913714904885,-0.593453073368687,-1.87314954149482,-0.147437970538184,-0.319128724554547,-0.261198434669356,-1.12050321592241,-0.845550089813226,0
-0.453275276411982,-0.0429378661598337,-0.914187344691562,-1.77597021311163,-2.28979979479855,0.181364202166584,-0.0472456255577458,-0.696433430323405,0.368135101290899,-0.0709114142110633,0
-0.307328565616953,-0.880517053478606,-1.55752667457682,-1.41997535820166,0.604296189818215,0.561902690545637,1.003774597223,-0.993963229261042,-1.18916602551137,0.0267858092307451,0
-1.97435535444533,-0.0565954902390685,0.76812838866273,-1.47212461640438,-0.100502944054634,-0.52518193730355,-0.566941974136211,0.0819853020924205,0.767103784536711,0.237897601596745,0
-0.487308190437623,-0.951241537462731,0.893547261265623,0.817062174017817,1.35830368503554,0.867374526679852,-1.13582203125192,2.05849644652035,0.381338552171606,0.545529452147382,0
0.0898199359961033,1.61306435736642,0.253486191524144,0.810131844447404,-0.0139088173616299,0.635632633244693,-1.76004608354032,0.311674536051938,0.539164342670165,-1.13010541880456,0
1.22251348456165,-0.391777621645488,1.41801197586152,0.0383705691035459,-0.34864476343592,0.508213552916607,-0.497686638931042,0.0210319924176415,-1.13523243449427,-1.51723156534654,0
-1.28332740479974,1.89089755688763,1.60671972293859,0.192218180464083,0.630288446358897,-0.624691164064682,0.737884243778838,-0.352045658839489,1.14400263899751,0.101219279375526,0
-0.768609938032745,0.0555616968277186,-0.292101705525761,-0.392148136707089,1.96140924277487,-1.0915177061867,-0.853386157915288,0.299261242809298,-1.05998345126223,-0.678385544160919,0
-0.665757698109538,1.57197051324442,-0.899029235168117,0.346476528448633,-1.67334515047463,2.21705213085634,-0.830953890013217,-0.494478344696,0.152007886073882,-0.779201243734469,0
-0.105440441429832,-0.394574941723665,0.384767330326529,2.75879461822539,-0.158183529680663,0.0248237759639339,-0.708630158448749,0.704187358228081,-0.468301892125797,-0.225893983449923,0
1.18684050797787,0.307938472466596,-0.075974017199159,-0.611456411328754,-1.61854412745792,0.121222475148279,0.961446433114721,1.97638775349712,-0.211560677079156,1.41690972231224,0
-1.47524505989125,-0.379777507343085,-1.19777024189258,-2.26415026712687,-1.98140673150641,-2.52796316349959,-0.682990039115676,-0.540591610757494,-0.00786760891894217,-0.118861229894595,0
0.94766556789858,-1.20832540329277,-1.54721532401859,-0.261338847502776,-0.472740320826425,0.458091940698231,1.46221129149444,0.547734359780505,-0.925914946300596,1.13504135204044,1
-0.311688804295242,-0.39116777919225,-0.0545662882247876,0.925240393574147,0.600961921639526,1.31741198249429,0.194473018843564,-0.350971866060645,-0.271955827149658,-0.448805693881362,0
2.05038012244736,0.658830472938771,0.960861219291771,1.17410284280758,1.45146580080216,0.279129354845737,-0.203563607835777,1.28473565253175,0.125454380759622,-0.185504091685236,0
0.190057926935084,0.553120570250099,-0.0763395819765874,0.933253332966341,-1.88054713844149,-0.498094955967621,-0.733670932006831,-0.0136535308240244,-0.128218768863433,-0.618779446974271,0
-0.760642124550175,-1.47988073762095,-0.148431870217889,0.521967636396901,-0.343496063217779,1.51569036620689,0.259180160146567,-0.579748930935545,0.872264811100111,0.559978242421449,0
-1.45724348361108,0.214009475748862,1.06779947607267,0.312643636106414,0.361196978473273,-0.279713115849499,0.272290005455673,-0.211016700619984,0.205751019525674,0.0430871749288352,0
-0.0129492922668357,0.289390199532489,-0.205819890043295,1.97983319893255,-0.905243457720513,-0.782898014840797,0.5635400358364,-0.369172150117373,0.893614429127326,0.656009020761853,0
-2.24273890733139,0.868313783236352,-0.478346900314981,0.262049402316184,-0.619232157675664,-0.556401829953728,-0.388956043746416,-0.184721537610639,1.39029189147444,0.626825932734884,0
-0.00529313466671033,-0.129129349326442,-1.22864738448489,1.12618596207427,-0.156626708458644,-1.79347831509366,0.0530913148011722,-0.721784910352086,0.179687221174695,0.401818851063389,1
0.81249849066594,-1.20224441490573,1.0483442793961,-0.0256318018238008,0.194888198066646,1.15361130683824,0.220548441868123,-0.429436996795873,0.190698227699729,-0.289056299688707,0
-1.08647844961124,-0.410512686426247,-0.119465669405225,0.00781349987023632,-0.481482088496914,-1.6986989919599,-0.177486847174917,-1.78025458049845,-2.17958697791324,-1.87421324970331,1
0.675337069868022,-0.892895018921113,0.171684560961169,0.105198508546972,-1.25949220772969,-0.744327864491034,1.49143194935017,-0.419355630186878,-0.161548894821245,0.70443827051814,0
0.477074368678483,0.785141016322176,-2.43913502668875,0.755753495217404,0.812236555749502,-0.126466356829062,1.23711242579453,-0.130079985410219,-0.435925202979122,1.06067262083961,1
-1.73274547142882,-1.79962221319847,1.33765202595801,-0.0121226891061486,-0.511436916037766,-1.21241049386361,-0.666686346373676,-0.515798205547371,-1.77819418500898,-1.01210633745798,0
1.34294796793858,-0.928002148265016,0.437589615347055,-0.587446388989552,0.847412720139637,1.99616046560364,0.557358927909237,-0.5548709173074,-2.13562436675842,-1.58098126186913,0
-0.0482758913418347,-0.691897808920301,0.16906070276536,-2.13705160141781,-1.84910896174482,-0.0848987478507295,-0.456935305899243,0.279732496186963,-1.63079261071883,-1.08968134468183,0
-0.666253925453533,-1.85557473879468,0.592520758522088,-1.79487379897102,0.00460933546189535,-2.11567881592105,-0.146459780617289,-0.749587448312139,-1.26675734490537,-0.537765365623133,0
2.75993724244301,-0.640231566020982,1.12330501494581,-0.384645252966209,1.19326584012718,0.137903191896629,0.0397168596212529,0.403426444976123,1.99649171703779,0.564921565474129,0
-1.0277051222374,-0.497825528588254,-0.217013049033596,1.33489654881686,0.115259348108713,-0.728375733440132,-0.644477878803226,-0.223543069876631,-1.10281092694048,-0.603767596652816,0
1.57767728446193,1.2955522711647,0.2154971413882,0.600865871433589,1.58916601343125,0.99210372772002,1.095273488358,1.2201142289476,0.118465403945464,0.794619155485677,0
-0.789118448995971,-0.327864674666234,-0.417454743167894,0.135443447210483,-0.891783692912899,-1.24742858862677,0.171807009581223,-1.02499063032598,-1.31535805316038,-0.857865199102722,0
-1.40768773508948,0.055101117633228,-1.00798384633137,-0.134721055323231,0.308509689092264,0.576424667610557,-0.0704924621258109,-1.20249604811222,0.521034367523943,0.0947753541093524,0
-0.163440815972962,-0.591118910188636,-0.595618040428289,0.213498296117711,0.608634088620914,0.192239557936936,0.299346509835246,0.626715082914291,0.206330942314629,0.994065808755464,0
-1.03936501967077,1.07904304599012,-0.0169410177616952,-0.30996710089471,0.182907474508276,-0.52558457868954,-0.792016933610341,-0.177029167929347,0.517357466157012,-0.370763915858929,0
0.0452718856030445,0.102578461232723,-0.502756693529072,1.87811499539671,-1.60788925737405,-0.560286887063047,0.890503059764154,-0.77891278365417,-1.55309481680933,-0.431813191486983,1
1.93261739914628,-0.986059792432046,0.444743597489733,0.153530647550775,0.636671647978251,1.3609742007351,-0.58821726801036,1.44495627707424,-0.274955037329949,-0.0637290414715881,0
-0.136737102500798,-1.06292838683475,-1.14796544312292,-1.20884538425841,-1.03651634309338,-1.44986089618002,-0.547251346956738,0.630512156655911,0.79726717986679,0.802086101046543,0
0.933895635209646,-0.711111828525423,-0.132584403232815,-0.524018521829706,-0.179719323446346,0.899141837902628,1.89257330093685,-0.410521174856418,-0.918822341779125,0.486476885662795,0
-2.48073602363812,-0.56331929066579,0.0590511315535034,-1.72095692484258,-0.108351265149123,-1.28839628154421,-1.93124753512277,-1.76160694084734,0.229602092479725,-1.43243161708831,0
0.562639383827402,1.27255771966929,-0.924520656970493,1.5433992601223,0.236138816540521,0.585948652168777,1.21534281512215,1.59448258335686,0.995359457509331,2.02977574238697,0
1.50574062399502,-0.643675723357839,-0.839383691336223,-0.443188615058895,-0.110065022473981,-0.063584423119607,0.240536577351862,0.536043236339352,-1.16758539713893,-0.0355168589829009,1
-1.25730391380427,-1.98385017638397,-0.704259716115785,-0.975466069525835,-0.723741343922078,-2.08528700592547,-0.819243674791471,-1.58824222436002,0.122034729429923,-0.509516836465631,0
0.98125711935371,0.549860695060695,-0.369110717379681,-0.491643865783793,0.74528441668376,2.10419363173064,-1.26748376137941,1.27599172373322,-0.014951039496568,-0.23397755494958,0
-1.2823698174161,-0.689637271820891,-0.960175992718064,0.384994512276652,-0.134860473289604,-1.9588061670631,-0.223905979114281,-0.549371485547986,-1.28259235711261,-0.305228414885296,1
-2.2969442865109,-1.91853808378447,-1.63236978786391,-0.797094757537067,0.361661537690798,-1.41649498290268,-1.14407804384027,-0.662352759780265,-0.971272658918903,-0.185190369265748,1
0.638144302084761,-0.973193247091994,-1.9591895917999,1.0063893793304,-0.526690787742608,-0.315861828956116,-0.623271746290156,-1.41239488613922,-0.313583605597128,-0.523658000411308,1
-0.466201361159115,-1.13739697331494,0.24079104687866,0.188745574360732,-0.537813564601286,0.856623541069526,-0.473779142825771,-1.06304381666951,1.51633786168121,-0.0875638706994158,0
-0.405827497159733,-0.850415974809279,1.40184278382983,0.708612268942682,1.0450079847069,-1.12709839088666,0.830745510090237,-0.323350888249056,1.41287614719135,1.0881318899862,0
1.6966896468981,0.276460243184947,-0.101928229258976,-1.0674224806183,-0.327241385221207,-1.24078361672026,-1.42045624087614,0.331985998809246,-1.24639747266231,-1.52697359000428,0
-0.461711847339548,-0.743326891137805,-0.368099279619552,-0.997263641445989,1.46642819348688,1.06940700054241,-0.876688780773992,-0.614749884993366,0.509134581638566,-0.440151300579264,0
1.01984565886891,0.43654900110311,-0.16580140777794,0.814835141390994,0.229295150953302,-1.00954358410074,0.816232447257191,0.0393343368062673,0.453412936209846,0.593925878474603,0
-0.557399900416972,-1.43452012874998,-1.06494744937124,-0.819826160595434,-1.63943834251613,-1.22241824840093,-0.987325028716731,-1.53141074908513,-1.06211213626437,-1.0956371038125,1
-1.43898962073999,0.648417368986089,-1.18613791181435,-0.315358718439651,-0.828762410707476,-0.463926036477365,-1.29063022845942,-0.431921192670283,-0.127716591033881,-0.634799422935598,0
-0.709185882311459,1.71269133276337,-1.26580939480677,-0.421064156038037,-0.962639046717222,0.652722061027083,0.769115225596779,-0.678505849320481,-0.92354796195343,-0.216608118509322,0
-0.983186242815886,1.38940004345107,0.911544391073677,-0.365748496825467,0.0954498490415727,0.19828296595629,0.404223491528164,0.328224851518048,0.48288547431465,0.367007428180644,0
0.406875499506942,-0.729399468456848,-0.532800055837751,-0.921400697404032,1.06503721357679,-0.96066745593926,-0.58751429194606,-0.199904900434194,0.317830998950248,-0.257987853147936,0
-1.1942638189347,0.0717321470038126,-1.41640188573404,-0.671012974681423,-0.297834450042986,-1.09265333200207,0.486258402971303,-0.530546245244075,0.269530311580849,0.759915949622038,0
1.64880396637069,0.493085149430898,-0.0742998860983455,1.30055834161628,-0.351986281289397,0.0990755708512089,0.821372016629226,0.0884673223076433,0.774196530833751,0.514310677538436,0
-0.901869137297393,0.404896638335112,-0.218777290052281,-2.97505315833481,0.206578300635652,-0.0122960628890739,-1.77802779940214,1.63196627328942,-0.439042206237702,-0.39896705887198,0
0.618039998018585,-0.764220215064926,0.599416086740481,-1.32588526794021,0.410603521016904,-1.11024205506239,-2.2136042346139,-0.264561745029336,-0.537455145175549,-1.64310368657384,0
0.425068202727023,0.112989514300884,-0.0142168880357688,1.11121923455992,0.283964115930897,1.96388503180178,-0.792269820755527,-0.42434259537604,-0.184615426684137,-1.00486008919626,0
-0.45616163843576,-1.08029289672372,-0.386190381213741,-1.75392963434086,0.565086814656611,-1.05284326963946,-0.0676760710496683,-0.886563704018971,0.313872468137373,0.119294219695324,0
1.66372593273729,1.77749726734208,2.14438180209744,1.15627786937487,2.50887129334593,1.27417974067182,0.5774874193764,0.496187835660311,-0.645966937520075,-0.865603607792687,0
-1.1641340088658,-0.377562290555204,0.504595755808017,1.3362573646231,0.426715262261536,-0.913722081884419,-1.09249082725589,-0.170150527708213,-0.615502699476761,-0.640354998648211,0
1.56579311191226,-0.970866566307361,0.636700228575176,-0.971550346490109,0.532937099823566,0.228019921085895,0.660270241161063,-0.13128316370671,-0.160905941611245,0.0608212184376463,0
0.886057530484075,-0.909771192051495,0.706814337108839,1.21127449657933,2.562315688594,-0.0786246734541661,1.39021318213237,0.748821260456761,-0.52893449905898,0.955899932309846,0
-0.252569945572205,-0.142988818435442,-0.145480817112053,0.0188387564917319,-0.73115175270675,0.117720650916865,-1.08136346454368,1.39838062338729,1.1984039022562,0.714057517153725,0
-0.647588240958057,0.468329942539383,2.08590935235627,1.80385414977332,1.22607854772597,0.420341866480096,0.823454141748356,1.3285531899214,0.806500225301521,1.08433639158813,0
-0.431399297712192,-0.50427543263501,-0.120632965852095,-1.38265094803911,-1.38288100018698,-0.747983744872185,-0.981379577264146,-1.92360560323941,-0.611286385977395,-1.68006857342103,0
0.183259626891351,-1.01004231285049,-0.983097715231483,-0.871969474784047,-1.72605141557981,-0.192794980692556,-0.458378566392953,-1.75127395731727,0.708538397550038,-0.398268465596201,0
0.669898542523732,-0.51468480557423,-0.492115926828333,-0.511747093903757,-0.825455192432784,-0.480798247730666,-1.16127793404524,-0.409051236212124,0.225942434022532,-0.729889179317219,0
-0.664026406315702,-0.759509742311573,-0.363347865923647,1.48160565784414,-0.801836850839989,-1.5778088707933,-0.707537043317499,-0.144077226020065,0.276627324683892,0.417755387593695,0
1.34384341153658,0.885251820821617,0.723649320625473,-2.03559584484048,-2.14534911416539,-0.905848717055724,-0.117120332903526,0.796766725981366,-1.53205421440675,-1.04636330273981,0
-0.441356888967094,0.286088825248946,-1.70721021202483,0.617223416098894,-2.0368556274001,-0.536083117795104,-0.454509787600722,0.525610746751339,0.545670872940959,0.754382495912687,0
-0.743224800368867,-0.892586813333543,-4.45908637518094,-1.36864786762088,-1.14884143148474,-1.39772813028879,-1.15300215161312,-0.936486281143205,-1.18549801573426,-0.290716730507104,1
-0.929306345505955,-0.0308394092660215,0.407193014401808,0.712303026427848,0.722951327889913,1.74622077135049,0.0135606077986449,1.96953129634304,1.60943434519694,1.78319021462532,0
1.08965945394456,0.610564881789899,1.85991297166916,0.599715367853638,-1.41798969772085,-1.21373381248013,-0.173274628291284,0.574443986947157,-1.24329795965083,-1.0879616390535,0
1.45358593544099,0.84110551182059,-0.349656372313065,-0.181068140848948,0.648818363821362,1.59717439936387,0.768742139014567,-1.23474121649111,0.660942707766239,-0.346927449113233,0
1.16385266817625,0.550503440361381,-0.965733041777257,-0.803605861247605,0.242681087948752,-0.948249343452449,0.244230386728804,0.679330928175198,1.32922349554311,1.14685756898267,0
3.18608881703914,2.01707648574796,0.349213143885093,0.332003366037975,0.440901892398652,0.406874656501911,0.584027902853661,1.64420918403263,-0.630904668943889,-0.112739984776854,0
0.0470498385640652,-0.12806376667312,0.493230708984493,1.01400221495693,-1.07531487051694,0.0570113288982135,0.657193213079717,-1.07527738835341,-0.439466584887962,-0.443520469104619,0
0.469173737481712,0.361554622327494,0.556667987759751,1.40343428807256,-2.43757173427424,0.482619007853889,-0.165977069331504,-1.42879257115901,-0.362947023843748,-1.29100576996751,0
0.218716308032395,1.04669545330241,2.05411604201944,-0.987889782597153,2.46917522846861,0.335567589092789,1.17081852659247,0.21597783179237,0.49418827897132,0.273524919387944,0
1.071944872237,-1.86490810247261,-0.231838198807361,0.385465667489418,-1.29141637703346,-0.0441218956364078,-0.191608420101965,-0.916654960098036,0.261033121105465,-0.236915645887998,0
0.812768788407488,1.31181356217764,-0.224542280549008,-0.644670327481093,-0.677656406681937,-0.0267930104379294,0.0641669028792282,0.523343171934311,-0.523596932460442,-0.418995653477571,0
-0.446778266450938,2.15973619851668,-0.875238922578887,0.602799610882493,0.646321442776914,0.456929190917447,-0.641262264025821,-1.19884999347318,-0.679266151687486,-1.65799556671108,0
2.08912759559608,0.861932632769058,0.818762480072795,1.12060566408758,-0.211368253956232,0.552440967146538,1.28978179148158,1.3690613514123,0.359946146813349,0.897341403450306,0
0.788023886355626,0.749365355666421,-0.0474133942517541,-2.18625643473364,-1.00735413262168,-0.337367440462218,-0.0930795210315451,0.278837886606538,-0.535483720286897,-0.335501024499394,0
-0.580257609797386,-0.418055516844827,-1.01286674428101,-2.13552378159482,0.557988313457959,-0.66044473720306,0.270584831149886,-0.637886861377735,0.0117344840847216,0.253484398367916,0
-1.75291166650721,-0.492247715473781,0.0391950873085489,0.00982221206940672,-0.645512676039464,0.0595883068079026,-0.712380057384521,-0.569527595899772,-1.34451298329188,-1.04175375643592,0
-0.204026538370318,0.132389879958466,-1.93236504054027,-0.556271240631243,-0.235824457696526,-1.35834382119554,-1.09154981887704,-0.169842974897363,0.394459217863622,-0.0126684693371468,0
-0.840178868913098,-0.6557843455746,1.07045650366125,-0.0165437283938449,0.802112468635472,0.885206266363386,-1.07052247142766,0.360827153421208,-0.530427123248393,-0.738879620795427,0
-0.806569640890216,0.159577375898678,-0.549862257277512,-0.228458546628389,-1.45954923474735,0.726320858949104,-0.568036854802865,-1.05445691765119,-0.0836285428245049,-0.729059025994716,0
-0.0267867249555073,0.3950509128416,-0.294403092385967,-1.09937699909496,0.876028465171223,-0.312110451910942,-1.0634979556383,-1.27865726830476,-1.13507479598838,-1.8811483996392,0
0.874367417560872,1.00812066440302,0.368973834829582,0.200630053393266,-0.490472563281225,-0.236575182265146,0.396955216523682,0.461958357317682,-0.62317301454819,-0.399941290852782,0
0.321208008414039,0.879456925407513,-0.248235605023416,-1.2115536537929,-0.0738868347326126,0.498513841864922,-0.901141877946189,2.17797772779663,0.0235578459523244,0.221806537339159,0
-1.33495102573319,0.306767829966208,-0.500850183174284,-0.777529284071481,1.16024853194972,-0.194197339572104,-0.301170906760364,0.0995911287264353,0.682867894097136,0.512114792201178,0
0.652396852191397,-0.609046608066671,1.38408563346108,-0.855142453097717,-0.13102391462321,0.322146909131088,-1.70074622711424,-0.410293322907687,-0.536437765713691,-1.60535947121925,0
-0.376698638554665,-1.42058489898163,-1.17114465180834,-1.18061877142002,-0.73930893197938,-1.29672749366556,0.232215863074651,-1.38641776488012,0.893493927066213,0.610458428778327,0
0.78646613872754,-1.30341115761413,-0.449626670933935,0.995954642743416,0.0782613924928392,-0.372326950758503,-0.929278639124009,1.07013870540297,1.1802905304912,1.08984315857284,0
-1.86403768023448,-0.501770115281319,0.295817735373518,-0.365743075122299,-0.384728658782909,-0.79268398168086,0.0407640777572646,0.858099185090965,0.675936072615576,1.15225192489192,0
-0.680343775775356,-2.23037521100688,-0.695400331814586,-1.52178614779754,0.1644661074678,-0.092278745597473,-0.776600694564783,-1.57685247182512,-2.11218085197097,-1.74498935282624,0
1.12206558343908,0.00056757726509378,1.10134787443185,-0.688500928175632,0.372907630286685,-0.869777057808728,0.473407772583671,-0.611632103724401,0.0101891735722898,-0.804889666891316,0
-0.928879282295544,0.762759072808317,-0.225005958764863,-1.1278178386069,-0.935535208824335,-1.11854021543281,1.92399895450189,-0.260192684460167,0.81340666212955,1.4093128079697,0
-0.537929356543472,-0.421870756412986,0.844195939961732,0.825959040493377,-0.282693975874472,0.796813855718104,-0.0965714677036526,-0.226940091963202,0.332550331300053,-0.138128710151602,0
-1.92980408342264,-1.50284065185644,-0.493814404552611,0.0843530526995595,-0.356396987909145,-1.24655566984996,0.384758604102368,1.60987087913512,0.290012091029779,2.18597624595062,0
1.35343332431355,1.26914717652026,0.175677122045295,0.18729615787134,-2.00926109403216,1.14382502574014,0.741132071521835,1.72328952413022,-0.421891422778339,0.608322822924294,0
1.38319756517721,0.782177709497062,2.77848156181547,1.99024176206659,2.96201142808898,0.0167297177516363,1.17311713834978,0.541978850187788,0.829754820024413,0.455540517150744,0
0.429664495461597,0.724740636850724,1.44279981013851,0.789975871859582,0.81872361360478,0.350562354522929,0.152269608708801,1.30448643908716,0.240237605533696,0.310860335966185,0
-1.42227922947629,-1.25441074403557,-0.315884633526569,-0.369269397775692,0.63018257975701,0.46051205349439,-0.986969893572127,0.56734529065897,0.527819019421295,0.703124315300064,0
1.5923542705112,-0.740402790332295,-0.525649774685539,-0.284060704360106,0.0972065931360166,1.94858525089522,0.00337023588413278,0.696045886328425,-0.0227633455434181,0.417002524688824,0
-0.71804941362478,-0.416167851824057,-0.1578134487611,-1.08276023391451,0.320081977920821,-0.757630312885956,0.506882913308495,-1.45266258327646,1.11800419329045,0.332607930634404,0
1.57831474779491,0.249656326138537,1.0861670415411,0.364185205109013,-0.591561140335836,-1.28977489202293,0.863925425386898,0.581497418524715,0.994466506639657,0.828858821461622,0
-1.09228112029614,-0.512148248330793,0.725736430366739,-0.0378574393990214,0.916121762016479,-0.49129998812013,-1.38151031716558,-0.583164557364923,-0.303633034192135,-1.33899453270336,0
1.60115740679842,0.296898203600092,1.1238916839562,0.65120179833953,1.46408783605237,1.32957225602932,1.91589991274359,1.38842515604542,0.113463428596626,1.2735665170273,0
-0.789545710954415,0.431959588940174,0.831259604541159,0.806645855857422,-0.427716983413394,0.619092709601907,-1.02253870171789,-0.832156326661499,-1.65726056761472,-1.97509528290185,0
-1.30284980790232,-0.914509042456946,-0.38782296448735,-2.3150000247441,-0.180177590776958,0.122322192642031,-0.049448042744809,0.314917589161843,-0.0630899656440377,0.602697043962324,0
-2.05901276522614,-2.41154457198446,1.20024083639274,0.178793761795,-1.14754122887451,-2.35462094579842,-0.456541352219752,-0.181717402272137,-1.24288267107374,-0.393831382302254,0
-1.99161823993363,-0.85130752937097,-2.53536362053562,-2.02003486387042,-0.0593486948576521,-0.844692182622323,-2.47505454774334,-1.98944971483243,-1.23733467745326,-1.92999835203107,0
-0.602074111316006,0.456815625334522,-0.455115171720592,0.746487092674658,-1.50074473245426,-0.0433221511145823,-1.40161655143178,-1.99988085739573,-1.05926436747558,-2.35338535827261,0
-0.327486889691952,1.83229925726687,0.643816906452748,0.793475230775061,0.382456630431018,-0.0604959086565582,1.58375618611269,0.637149313385022,-0.314919932434204,0.77866009548265,0
-0.0898730171238316,-0.24687940925195,0.52652500522415,-0.478851981872285,1.01583007837567,1.23216002277704,1.09397096427726,-0.751304990292109,0.0681064524233981,0.025204775176718,0
-1.14907837843217,1.34213722446571,-1.91067324384299,1.48315108043845,-3.01049142332968,1.16121688942661,-0.452429663909594,0.214948038059253,-1.14120180789427,-0.141324525715799,0
-1.30966482482442,0.594175984681056,1.70608441070961,-0.682850279653878,-0.600843083291764,1.33512536893094,-1.32065810491328,0.336828418651469,0.330045872218036,-0.927339406658539,0
0.367594039891353,-0.550984990954174,0.399563999526941,1.27655464690071,1.74793580060528,2.27231023276125,0.681968656460388,1.61320774584558,1.83026103790672,2.20316220239183,0
0.406094965268966,-0.423214529336762,-0.602443305047195,-1.3060071269575,-0.371552633919789,1.28786524094905,-0.961500542440609,-0.234953660638786,3.23118604145642,1.03636876322545,0
-0.0685228443746604,-0.937256348633218,1.05351455810425,-0.381549472888838,-0.337081831292272,0.0591903667137004,-0.333271784087131,-0.322833127385799,-0.181833089057306,-0.760620079495826,0
-0.445547387334691,0.427323023247809,0.389847481730532,1.75157616978644,-0.0251407606711781,0.145664702709488,-0.905503516720774,1.13120174043721,0.311537039857188,-0.151782086765911,0
0.207127745753438,-0.0386050454972509,0.514288117858605,-0.00181964132429536,2.04043974673232,0.671001643941778,1.28884972358919,-0.441781110502047,0.945246447449428,0.756232442218657,0
-0.660551287809441,1.11500244755025,-0.86803787644748,-0.658854531805873,0.230699810601478,-0.470448243985103,-1.09578920980048,1.01634021407869,-0.0124054100217214,0.0299566521327861,0
-0.740758196298622,-1.30497950661129,0.337062220997584,-0.00254053984013106,-0.470012870465847,-1.12142433641969,-0.597726005920728,-1.81366915019496,0.235586635205902,-1.01339588035323,0
-1.12556721493679,0.695304084918303,-1.02441105990716,-0.546766536392874,0.466249714705117,1.3554331700204,-0.110257907915085,-2.01333609625927,0.265263479938404,-0.869129498151289,0
-0.459676873153748,1.36664837116654,0.918805825171245,-0.592594358633784,-1.0668860742624,-0.619688753847997,-0.956798297943959,-1.55625718753469,-1.13168098701271,-2.40475679808058,0
-0.0993681968232868,0.716472116556469,1.48116603426996,0.763248227445814,0.105677181793978,2.62638786859662,-1.77308286001679,-0.791644505673069,1.46098265224618,-1.64955552305773,0
-0.692619506373253,-0.988575125353261,0.109623329359069,-0.420851717026029,-1.51141948016407,-0.875109807065724,-1.01662558237032,-1.0181620493974,-0.518414426519751,-1.13931839460353,0
-0.368153242352466,-0.464397621815906,-0.883026148686568,-0.147432720994715,-0.610656858024161,-0.16710439791519,-0.998040785209976,0.963049702367348,-1.64716004227331,-0.527307565643291,0
0.195045078789756,1.01263916533376,0.287653231967083,-0.707440162580101,-1.2988924861506,-1.45334818008505,0.328250324432085,-0.910715302759548,0.808932100859712,-0.113840124421648,0
-0.336612748511251,-1.10319391497426,0.518417823429807,0.864568223817554,-0.79902769834902,0.427135349298867,0.609790976961257,-1.41237850991058,0.930751248825757,0.108973479135662,0
1.40978821822389,-1.13097247463787,0.087761711336197,0.00653743998145138,-1.21321908839876,-0.986686914215638,0.903801437150548,0.829830834892082,-0.572017378107536,0.741315213116321,1
0.287892889804295,1.10300779032116,-0.463512586435306,0.2373683190433,1.19082650845323,0.553290410023774,-2.07003882724344,-2.16452008176653,-0.955935980328876,-2.89060087231882,0
0.609662889190796,0.511375509884294,-1.39250319075219,0.489023142412607,1.52069606083033,0.667730384380425,0.251756591543461,-0.114055336224131,0.785513770605153,0.468658944535361,0
0.541902358982171,-0.384915981641486,-0.379618522167652,0.102722275743889,-1.80854941191725,0.407850461993439,0.359953784748806,1.42603713916537,-0.452341835812218,0.836052533081653,0
0.179231387245969,0.266059212054468,-1.50550812909658,0.590085705980744,1.61540594134243,-0.049593144635011,-0.574504593200241,-0.410929822936789,-0.240867794958699,-0.234854474914453,0
-0.486713287760975,1.52502537514869,-0.109660092150391,-0.879574790084691,-1.40747271637966,-0.865459530957082,0.619135903918041,-0.129094333405461,0.103825247012944,0.252390499211273,0
1.48547841099024,-1.36724106092111,0.783001088004183,1.43992212113429,1.92518759712218,0.841856446423505,1.1666844462298,0.568347874861597,1.24875031438307,1.64497099357205,0
2.28708143290961,-0.0268962231264083,-2.18301731326493,1.30792158081435,-0.714370335703206,0.523310588261568,-1.63274850675017,1.19150123110831,2.07525531872423,0.869998376138122,0
0.138676031017881,-0.464187535195697,-0.556139088498842,-0.421314040756653,-0.338376748984318,-1.35044318219778,0.427854249528289,-2.63343872649766,0.818665637770142,-0.690806428383394,0
1.61615778282589,0.765416632375123,-0.421180898248156,0.504453861537795,1.89869034674842,-0.212047424115346,0.397330536008603,1.27476924315459,0.468380841687043,0.980639731885936,0
-1.24525508913931,-1.78607810454068,-0.422030148782512,0.0383376440324714,-1.50824030863387,-1.56500937517394,-1.68123656124346,-1.17678098127783,-2.24890799779024,-1.99735009601278,1
0.563697341382824,-0.606550616694275,-1.32174777254315,-1.01827923789449,0.0048073565159699,-0.657060565145872,-1.74771713070802,1.76287808085907,-0.393757278334687,0.0511336866465325,0
-0.378589678961877,-0.972407656191701,-1.99756029415559,-0.211073069674555,0.19897486289016,-0.677846499394679,-0.708868934820751,-1.7930006530309,-0.767402693714723,-0.894704912366109,1
-1.43254236028761,-1.36191110693174,0.0115928811500655,-0.508731079010389,1.05316922631152,-0.800026731594473,-1.05505620197734,0.460740317129891,-0.589070396706693,0.126240065489896,0
0.0424529180214512,-0.497013121523469,0.118145128947183,1.41601094608541,-0.912926130025325,-0.0171610629421157,-0.778956637914721,-0.839466837898181,0.0654182107140637,-0.645754890382684,0
-0.0708030678015614,-0.118980278302962,-0.308446317685664,0.861783144442392,-0.568883037926936,1.37199372156514,1.12465759588763,-1.68390000813128,-0.611849486130544,-0.609399368294707,0
0.419002120623884,0.607199962442276,-0.44439656583022,1.10682367994194,-0.814448531138645,0.388177981567748,-1.09611729590237,-1.18582921020705,-1.21917656999713,-1.96064863884958,0
-1.21493366824004,-0.973420381124034,-0.907366147067474,-1.1243082427831,0.590426336700227,-0.121683802686572,0.250507205102163,-0.122432168227124,0.914035678208634,1.27442943073356,0
1.42650550133437,1.97479298950911,-0.197422871063596,-0.9957432291598,0.751426301377049,-0.106928969142872,0.216262039477664,1.64743086620477,-1.22717588083547,-0.118570301652814,0
-1.74174605814162,-0.644691381320389,1.00145140067039,-1.01143436196445,-0.214700093642014,1.21090446059326,-0.215165328896147,0.592046530679695,-1.05054138553753,-0.381233297818896,0
0.779646338921346,0.553668423721693,-1.07714235583806,0.247471859160421,0.206981220803118,0.00936816472808888,0.579947901655454,0.304799129329693,0.265586435378944,0.687839148819511,0
-0.0381226459739648,1.40933201986025,-0.525933411960542,-1.01399900145287,-0.0518906799418232,0.527840801091417,0.936238597486248,0.0646771319485339,0.529242672708703,0.5759681597977,0
0.296835854422786,-1.12590121760749,0.103362435569174,1.71665856367084,-1.2960201838033,0.100472408750366,0.281877002405294,1.32395100576594,-1.29667861135771,0.531757009309798,0
-1.02060710632266,1.26295086246684,1.03905592844015,0.58726325233257,0.458156473174792,0.631473004956419,0.717156878717052,0.860748233036197,0.86528328553419,1.02620710340777,0
-0.527482178672896,-0.473200901021925,-2.41902922842706,0.670638731417687,0.95773751467138,-1.5653976561951,-0.796908134334743,-0.228333991768639,-0.0322986767820893,0.204208769564298,1
-1.35559413557802,-1.42647862367628,-0.0648949350486296,0.0166857270377776,0.13582518895995,-0.410917047317342,1.46534633251118,-0.757189067530387,-0.346905397698752,0.781057236686108,0
1.19101669982924,-1.42158591829945,-0.246343047944871,0.0562550797646793,-2.21985225983713,0.87077669621019,-0.258507692324136,-1.09055643439942,-0.839344141822695,-1.1226342505438,0
-0.287555074581569,0.637068801866216,-0.917642601540933,0.741696016819541,0.956370424219785,-0.689086373226716,0.288036215027748,-0.511640555429954,-1.04679620878752,-0.208968949669175,1
-0.736113743296056,1.67313470339619,0.260538589080181,0.215119746368591,0.233180484998693,0.588623004582428,-0.0896028974028422,1.56618989826175,-1.90496739388752,-0.527982875757544,0
-0.057615933534136,-0.261114577346504,0.425510427246889,-1.14366900480875,-1.01946773090429,-0.363972092703187,-0.552055273294919,0.240348788196069,-0.195323031576577,-0.375127544544864,0
-0.58190005578262,-0.494805522300137,-1.2969295616539,-0.0623921815248263,-1.6166769925633,-0.118302579602138,-0.00149925992527375,0.284359511380094,-1.22583747933759,-0.020610809606301,0
-0.170337377521141,0.688440089475878,-1.40893505740411,0.319510787036164,-1.66403566104418,-0.524742059497354,-1.24651207673723,-1.08790575330179,-1.35394958799052,-1.62709544111862,1
-1.83853591781125,-1.23087007528315,0.5560657182082,2.16563227441924,-1.34083421687573,-0.19070399695635,-0.11392789731682,0.461330575732328,0.0442263737636671,0.72650377437544,0
-0.54546711328212,1.37723734189911,-0.783836548791001,0.299187535891769,2.40767965924152,-0.896974276427058,-1.35542329720235,0.342738687406902,0.325573125036157,-0.209930417998878,0
-0.65890632435304,0.138690646373744,-0.869521092121993,-1.97860263521527,-0.501880077870781,0.718536370071416,-0.0182852476634439,0.380144313240948,-0.513370565334988,-0.056263516898285,0
0.142028519064337,0.635448430268303,0.286721875449226,0.767391189134124,-0.301184310487667,1.55844708885608,1.275625579197,2.65433807442421,-0.322760999535302,1.93221917480703,0
0.107993888567436,-0.258563501331396,-0.0930729269262479,0.517507604823937,-1.45088332228975,-0.462317688172548,-0.567330611603832,-1.05821501516116,-1.1852216428654,-1.36119905697202,0
0.818613021832939,1.49689637697973,0.169227110173574,1.38600807814551,-1.58853740392758,0.438805209468099,2.43926704395534,0.829145246372289,1.44508549756128,2.09226225273514,0
1.03058621859452,1.55299741292989,0.309321215757429,1.50271945530136,0.466201015281565,1.14691896019671,2.81608367781728,0.579862608368287,-0.457284623157642,1.18370823465415,0
-1.16433211246469,-0.216101957719953,-1.56598993764096,-1.87656527921357,-1.62295991247687,0.298832578160348,-1.31499201934905,-0.820389509517158,1.34236403732691,-0.0660244532174511,0
-0.00634745377329368,-0.221975669972079,1.50618186378194,0.637288496666362,1.6022597745203,-0.0761965772609691,-0.286969305072657,0.487054710846313,0.640627188985922,-0.0422935875158949,0
0.744321434885219,-0.119727738602046,-0.541935156793057,0.459874767440286,-0.995833954337693,-0.147077549818421,-1.63442822064071,-1.64742361482401,-0.624957382583232,-1.99127992515535,0
0.738125549151987,1.67804610143215,2.03953735068956,-0.434572703969886,0.943878295549899,3.69975508635605,1.13618544024265,-0.294838643247838,2.03551263211064,0.279048447682381,0
-2.46699535709363,-0.321451248090314,-0.0291806532038686,0.695650121767355,-1.2140704338305,-0.160126554495733,0.11693630091397,-0.450426059371684,0.590292341689841,0.500752018510948,0
-1.61837334217822,1.09592307134159,-0.46803051894224,-0.119163239301713,-1.82647850214987,1.21446544794788,-1.87191716385152,0.117119516160453,-0.297243095347634,-1.03544090985148,0
0.549686270347933,0.153127542613605,1.41619750247667,-1.11780810417956,-1.20911648079648,1.86360199879784,0.0689216671018928,0.556072536857696,0.00629043962280393,-0.414898583050433,0
-1.2335749556868,0.921981974208924,-0.50547866665324,0.197891061238763,1.33406971705013,0.0308529991384467,0.115244537165337,-0.130453003645768,0.451113124382741,0.482280488537667,0
2.37690312146507,1.03816846693748,1.76723728018376,1.03597430128189,0.855751957859116,0.320704835541635,0.636475499673799,0.277326212819548,-1.96886556790338,-1.50091134175233,0
-0.285612333343624,-0.307380380413968,-0.470324401491149,-0.785767754042357,1.82108009213389,-0.700058782958101,-0.08762702398921,-1.11654553345843,-0.541142660865193,-0.537654262370427,0
1.24105066562303,0.648419013482387,0.149224808467205,2.03105436658974,2.01263507036635,0.567687328623795,-0.103783539199742,-1.66100903582933,-0.223138084238547,-1.25567153964099,0
0.814845086101883,0.67098664635333,0.454911961353174,-0.517700315199517,-0.524236469314863,-0.219095019398945,-1.1540760739753,-0.48132828822267,-0.0351400668748412,-1.58426887468979,0
0.107449381544843,1.5581363621165,0.103430669317441,0.908264774991649,-0.276339923240597,0.694993442830302,-1.25403605152249,-0.0311881350463278,-1.2261238524245,-1.72495054202109,0
0.847071406029098,0.691509622256888,-0.332449215218784,-1.64559324375768,0.199990154144592,-0.957093454625587,0.46249910439413,-0.365339742542072,-1.11867320528028,-0.695105072075522,0
0.771980636800189,0.716035897030954,1.2304677619114,0.379497999018683,-0.412638182964195,0.222548251258983,1.01743778801666,1.44069149960665,-0.0324358142062978,0.867540372104053,0
0.677953567036225,-0.0432001579871012,-0.974295767321547,-1.49274566843358,-0.764705546475326,-0.671589988734643,1.01999346833965,-2.49194614792638,0.565827093634027,-0.399847880324054,0
0.607978042695143,-1.78890598464396,0.944883691066985,-0.561116713495258,1.30491179699677,-0.73113409104964,0.322287826302927,0.501152444169423,0.117308335585985,0.673810083696645,0
-1.05189879083202,1.55295693720089,0.916460400847859,0.672825384081957,-0.882862985165361,-1.48194846404941,0.358531550063813,-0.608366814983632,0.441993230343169,-0.242943994704315,0
-0.667137261197803,-0.726435034573289,1.09253389288791,-1.18277987168743,0.768917983366602,0.0299547436188407,-2.16136600333623,-0.217328199899524,-0.213181071908084,-1.61591341620975,0
0.958943299013746,1.25661149030759,1.09009905232079,0.544620933957156,0.297776140740041,0.277638425259434,0.955777434222245,-0.979294018246142,-0.851855643531134,-1.05919716486297,0
-1.428659826488,-1.8078345827167,-1.37649743478385,-1.24842644078157,-0.813027176236146,-0.397561568148236,0.230989393237644,-1.24394602918882,-0.342665619985018,0.342543705946428,0
-0.350314096999307,-1.85817682283244,1.31720448504788,-0.216521339368321,-0.29823033628794,-0.361641921882211,-1.52145579284303,0.938501904186033,0.098463454773301,-0.0625120309214136,0
-0.81228584563066,-0.220259504611548,0.419660198754159,-0.276244572945486,-0.985810378273987,0.329390289316153,-0.730548719298216,-0.959844198506222,-0.514794193295605,-1.17668189425629,0
0.942053838878238,0.685856625493419,-0.650251677772457,-0.903217499694042,-1.22049739571458,-0.950862564956156,-1.37241170911004,0.590393634261358,-0.680033986454943,-1.00909216299723,0
-2.09759357127349,-1.68053170972501,0.817966000025738,-1.51098250243953,0.0547150234772826,-0.299444823094321,-0.0718154726823841,-0.685936779973638,-2.76657633077368,-1.22207917535073,0
0.694087566073384,-0.429889302872951,0.83682397989076,0.328182641872588,1.42124383156533,1.49275495486413,0.540983142858889,0.870208942759708,0.336243227605823,0.549804739408254,0
-0.873933119703235,0.358885352215408,-0.468644740411445,0.0752777374043243,-0.0795089039650312,-0.203048269787681,0.374568159089009,-0.744511186568791,0.0112196089531263,0.090228500306139,0
-0.802428114041252,0.769664307810611,-1.70120522040127,0.613515634792259,0.557237969577888,1.5449466748686,1.32672486725669,-1.92111516024441,0.498489576993927,0.224418587761453,0
0.186714449801809,-1.14261943308224,0.616518584937005,0.722047874921619,0.237239300509554,-0.130621721739321,1.2380326540565,-0.347163244945919,-0.259753130006783,0.190664591721968,0
-0.141788392327139,0.760847983717938,-0.324198394527266,0.047142505848792,0.791247301790324,1.24146500959097,-0.856104118341983,-0.733532539238701,0.944770020623237,-0.572864665625028,0
-0.617964525173348,0.0454395612639533,-3.12682881066636,-1.68332219484538,-0.367620309072428,-0.614374369703553,-1.52168338201326,-0.201517612684121,1.2094607025343,0.426618782855009,0
-0.386282323436958,-1.00574977898955,-0.595246296461893,-2.01407913481593,0.303475180034939,-0.0872031200309754,0.79301666052066,0.874221172253969,0.0914969599056129,1.26235814242139,0
0.384667428622474,-0.3087672546858,-0.521109666251336,0.740003852995234,-0.938843367452178,1.98959217240249,-0.633130765973721,0.864724411294851,-0.917029586640842,-0.395310143011412,0
0.794323897327688,2.07745940576957,0.153226819260496,1.36098395456108,0.123711237125631,0.874675258887656,-0.276833000330245,1.48202531683693,1.62167496326438,0.841788034910412,0
-0.895081522344899,-0.959917370945913,-3.16149286993949,-2.4834994352107,-1.15284844827359,0.00469882392823351,0.937662590241689,-1.18775474800747,-1.62707013191337,0.414445709414351,1
0.37874959240101,-1.07995121733668,-1.11659840468773,-0.317803007088486,-1.68537312074643,0.298871426909008,1.04979184572321,0.0256025247428916,1.15731943670873,1.58343028600737,0
-0.00916541621517146,0.34673458514331,1.00290226399069,0.629056263246816,-0.518864439377381,-0.923696398545088,-1.61543389536046,-0.176290595225696,0.372088193888708,-1.15574107032333,0
-1.86081636549313,-0.504630718749128,-1.293834619516,-1.34777292291526,-1.04724802095596,-2.31207193119152,-0.477910390198648,-2.32743976596421,-2.29945987830861,-1.94497093875298,1
-1.61157358462598,0.146925305358966,-0.858325815871085,-1.97774989102184,-0.401058322480247,-0.338952822465865,0.223789223023035,0.165409080849568,-0.618800674741513,0.342898176832848,0
-1.02748406591346,-0.833453280902935,-0.10429195316359,0.329041688860604,0.903581061859925,-0.256584420689345,-0.618777790145987,0.635079941465653,0.268174220889761,0.48804292092356,0
-0.223308731271946,-0.483813719658383,0.00904114683601745,-0.608199522328585,-0.484018905153232,0.264067001982719,0.393217055084795,0.0418444775135915,-0.410894563007167,0.0140311372262825,0
-0.0910295874647633,1.46198859999777,-1.31615111666923,1.47116787787874,0.662310665285453,-0.260388218563838,0.476433034318728,-0.316909309572578,0.28797238456381,0.476757027524034,0
1.69683424676641,-0.613507766134045,0.521809618001688,0.622109875792152,0.101550742143183,0.53652178146622,1.15748810349155,0.799477940315269,0.429595648732204,1.04039411856132,0
0.709724682234818,-1.3969012630245,-0.813371250528408,-0.498476391773908,-0.659119727891021,0.114238812604294,0.469126800927063,-0.123392063611365,-0.667104733827852,0.151749724597848,0
-0.762883342118789,-1.32738185537056,-0.241083895124805,-1.31548306872292,-0.964564870936635,-2.79560250310058,-0.856078206305692,-0.0222414040240341,-0.266975138016928,-0.109272985521161,0
-0.90104577383238,0.0813397074205457,-1.74448203662653,-1.6286967712662,-0.505323986768744,0.212191678376874,0.484926231460615,0.35235720219631,0.41591851322489,1.0974783673489,0
-0.224792092363002,-0.264282312119462,0.259447895000595,-2.78363351204239,-0.407398251890061,-2.65681172276117,-0.300408566202997,-0.83528144442585,0.604846319916643,-0.153621444913343,0
-1.35984004480213,-0.520721391999115,1.21641805074352,0.606532386511221,-0.0568435501185891,-0.643645264937784,2.06910408842522,1.07249442474584,0.24095482617356,2.07464907896584,0
-0.518001598711427,-0.930859281407482,0.575667662113978,-0.733566125618915,0.27661211697303,-0.831057678272237,-0.68565201698892,-0.443796655043432,1.3820529424576,0.273360975075804,0
-0.697825839366628,-0.546572616534479,-1.48413033593198,-2.25990970557997,-0.24106378809744,1.61652728534108,-0.607923558967934,-1.19891627411901,-0.908064248222715,-1.12367248225231,0
-0.467859099703592,-0.562801657888725,1.19709254846636,0.942056153504013,1.3318838603743,-0.752200185600017,0.365783036425968,0.146429639578899,-0.0825682874225028,0.423339846716715,0
0.045555466227918,0.289406407709879,-1.41212831407546,1.18606215361784,0.0159714536183973,1.04304710952364,-0.643640025783157,-1.44294967310697,-1.42557955334236,-1.50261184106338,0
0.151341835003295,-1.17737177620483,1.71565072898632,2.28784117495908,0.553745423257739,1.62331645865114,0.270730705097241,0.391897222872725,2.44211388224185,1.49327461062163,0
-0.231022039742253,-2.48735528578937,-1.48710982263725,-0.264287578408369,1.18929838739694,0.590217546966558,-0.647561734095772,-3.03985650962699,-0.556721703894876,-1.39957772157789,0
-1.30774581777641,-0.945038100743596,0.245351426154651,-0.350463371946429,-0.626589650320454,-0.109342610795451,-0.787434211931412,-0.0820147667828523,0.230519409915934,-0.0886682251487357,0
-1.12646640567047,-0.693845475235392,-2.28527107756207,-0.639912527489489,-1.62453068727618,0.196469042986141,-1.48815327319912,-1.31263702246652,0.817566686271319,-0.0870821916262335,0
-0.117103326761198,1.73836634076719,0.13067167484811,0.340842561452223,0.824562747826364,-0.175200927325822,-0.315342704124279,0.173237989889328,0.77589651576206,-0.148464307122067,0
0.826623145019356,1.36151445276698,-0.989703662936718,-2.51184448480966,-0.0884132998103189,-1.86731495519914,0.753096282747493,1.02711575173935,-0.29044781097818,0.752715502402988,1
-1.17717223156054,0.465336063844714,0.152291259014078,0.169546980173082,0.00881734270904171,0.818508359406096,1.02705742987075,-0.499564420909301,0.127225609776457,0.361614832451316,0
-1.1357794950549,0.85038141906999,0.455945338220029,0.98962266736165,-1.39555681016334,-0.957541954803504,-0.494937896420036,-2.48814672288985,0.969672968158447,-1.11498283703412,0
-0.0468282546244478,-1.52480266371165,0.527356879394159,-1.5767836410526,-0.036641447106186,-0.971399282116051,-2.1632484336169,0.726880619307584,0.862906520203142,-0.285995405801947,0
1.50851957187977,1.15749414366342,2.46125459313113,0.586478362126425,-0.340147839844666,0.596403405752711,1.24322834026629,0.841505461240596,-0.295803074544309,-0.129945775885276,0
-0.355755702922451,-0.950984939121699,1.28436357446844,0.599848875022925,0.2326700906225,0.0022592030918307,-0.0871212492631009,0.48410860571352,1.65607878178535,0.775361407273512,0
-0.14348754355704,1.18691394637939,-0.347708422379093,-1.3460858002372,-0.929456011629056,1.76704268158167,-0.746238234319966,-0.310827421332386,0.304912699539647,-0.880417867225342,0
0.370962861565784,0.116650794072559,-2.26415812112956,-0.104615844531508,-0.754079234742001,-0.836613374950884,0.970201306503726,-1.18631313648362,-0.448606131518849,0.425149150746282,1
-0.427130535995759,0.910656121143272,0.92973881422454,0.842583174549642,0.730093803744706,-1.36512696549235,0.732914954983012,1.20082187563414,1.74377461203946,1.71217431115948,0
1.25507498054125,0.658895672365272,3.69056736754802,-0.0954122935406082,2.23930154908044,0.597571474735438,1.14524022439185,0.517418837319844,-0.545837496501995,-0.620555312290035,0
1.27633199372025,-0.386199231292887,-1.43918923140518,-0.409391753104214,0.132914600084231,-0.911896547193167,2.03351256446521,1.71785595027825,-0.683727812885727,2.19164806473361,1
-0.0318545314178099,0.839710991663745,0.872655405843217,1.03018916794969,1.30133910565835,1.29380811733622,0.214132197615415,1.6089674305037,1.11686592772962,1.04492252051935,0
0.802838470350047,-0.835237699203732,0.654865252215805,1.16355171719962,-0.0665763170341319,0.14073100520982,0.0393227126588525,0.697117678641955,1.11728969819493,0.631994157487869,0
-0.563121475798195,-1.54415314009661,-0.283073186527144,-1.11229847171945,0.901370469568684,0.382671962278234,-0.0453065535770777,-0.148686960219297,0.441839897828211,0.381136679768482,0
1.3033172535374,-1.32804992472044,1.15394319000559,1.08748703267018,0.625087221265892,-0.114402468505816,-0.81884888447701,0.468451909095763,-0.22652177651921,-0.374808582218116,0
0.106392813036928,-0.0574245869215125,-0.600718536513738,-1.21446757111522,-0.20050501677027,-0.902046656420857,-0.0103822465452935,-1.94784461903449,0.114546797663222,-0.937518238891861,0
-1.08957450852332,0.113895061113026,0.82250337984298,1.0464422446064,-0.190867587080177,-0.175358273728386,-0.936465983660993,0.631779691520855,1.81673193556643,0.628150746047097,0
0.930990260617233,0.263326560077629,-0.555931482807963,0.0532784413661228,1.3309754565128,1.40280958427017,1.37024783970559,-1.17693045790525,1.79298520946923,0.790841634931128,0
-0.308137614825836,-0.987110655913867,0.103369846938368,0.395248023752699,1.24639993519604,0.249811821241527,0.240747710600547,0.106189557550859,2.43115726924095,1.54424754027749,0
1.69438506765022,2.75055083286602,1.2650163794782,0.517657523015037,2.4469562613932,1.30214742450891,3.4387102949718,0.641301136357635,0.693190312106503,1.48783055677989,0
-0.450655303689031,-0.869305830255322,-1.3361495454443,1.06885020917995,0.296579497034009,0.563769466044718,0.512129056695032,1.01574755215743,-0.737545786994752,1.1405756236772,0
-0.859326506107325,-0.865828989015684,0.986712389883877,-1.08337168655662,0.441235864660058,-0.0333842407579988,-0.408005406174791,0.0299852247442286,0.530652981525168,-0.112810480922738,0
-1.013443357592,0.108084136273007,-0.551307401115187,-0.675328133579266,1.31806692896629,-1.59100751197206,-0.582681041340674,-1.02335337210026,0.470362702828186,-0.152203138874499,0
0.93522971025983,0.436270991472986,1.34135478594539,1.29095329546055,-0.238486111588995,0.628258140695642,0.108172360974968,1.13772582156427,1.24914114807609,0.551742555459696,0
0.986857225866444,-0.814305379532928,1.20965622154475,-0.759998778679431,1.49550563888625,3.10547788644684,1.68121646371866,1.22993736627909,-0.667987795139974,1.05165494508054,0
1.29536552982354,-0.330200298703521,-0.333224069249939,1.00570574730022,0.751061838666201,0.709031221782792,0.17981310459069,0.908551250536372,0.196200434843429,0.768575695688523,0
-1.39665878190846,-0.592043164001478,-1.65299415324766,0.605482224368117,-0.548529168424928,-1.97590059177349,0.579809837658449,0.314232504839996,-0.480538945804591,1.30852555108661,1
1.44921300435842,1.5489323156542,-1.33489780665669,-2.64796933926911,0.534606471139224,-1.16320839993615,-1.32648316835189,0.484367393252755,0.321096038313215,-0.596398261253407,0
-3.76154163536718,-0.77503030610694,-0.365479850498335,-0.872614254719798,-2.49196470775149,-0.763031597769191,-1.10431971637511,-0.827224718655714,0.62340704983973,0.0882704180432874,0
-0.759201280693619,-1.00830124753297,0.803075017077995,-0.918367734078129,-0.248824097881484,0.855364231793715,0.960945226542036,0.252126036807737,0.43993573248584,0.984671709654812,0
-0.814551519910068,0.553103583202978,-2.66449762783548,-0.554248223881113,-0.663692796750645,-0.328215978751321,-2.58511631986127,1.09256889943175,-0.815180634187662,-0.611032560812217,0
0.584777833313514,-0.070734859365239,0.471708812867308,0.220669387913833,-0.45032645742134,-0.672935187693903,0.694627025367912,0.5141829725857,2.27734315034084,1.55590566584674,0
-1.77668330298854,-2.00336665522623,1.37615871057986,-0.760225222911492,-1.10857242912032,-1.26886350247789,-2.13927621153801,-0.848092690698451,-1.56144973814295,-2.35367278369786,0
0.998314634742692,0.486573159253541,-0.11381146516562,0.515128669911072,0.405310510976464,0.271889049281496,-1.22245610781031,0.849261359838505,0.186458109377951,-0.281481573007458,0
0.512729648205032,-1.12804651483859,0.417585465917822,-0.780106444119248,0.0120243505908454,1.4237663565594,-0.958240967748335,-2.69280570016992,-1.86750563930647,-3.25709381363363,0
1.40977879259252,1.68232660832573,0.710773215683582,0.535131112111325,-0.381723168837036,0.28187767754898,-1.11500533064807,-0.73458721587444,0.556248861290405,-1.5603086578862,0
1.3894314721695,1.67873968164932,0.34907211826485,2.52401922998417,0.302578396593392,0.783768302688446,1.52226557964533,1.25417780786953,0.187161750887693,1.05918120280714,0
0.796830914677696,0.533528219653239,-0.600524165623308,0.356174825587019,2.789193624606,1.461443879404,1.5031197534409,1.73383193611241,1.05904444098963,2.00338757234317,0
0.554700824681551,-0.0884725727698107,0.613578959186179,1.55557189013195,-0.616385352812118,0.982754795324844,0.35267212425406,-0.646434297773946,0.242847785455619,-0.242390825752895,0
0.0774634165874032,0.0786383516631374,0.154257763056723,0.967070538710558,0.506340514900945,1.81132356159611,-0.626916099132949,0.500296031325932,1.14385334306397,0.482551473295275,0
0.352697930437144,0.958075548429218,-0.421499279620792,1.50204653280926,0.0803736304993867,-0.701111667597339,0.430910340116373,2.43246041448876,1.16107396293804,2.04408858523158,0
1.00421804310098,1.56625960226583,0.259584909800517,1.48978135997781,-0.318476423752112,-0.980628132329536,0.530815051754116,0.784726389977138,0.935655537639555,0.696835619924408,0
1.04451522120576,-0.444405621050493,0.17942955258452,-0.171560722543584,-0.803095990250718,0.584013098265741,0.338039368974014,0.134842564788362,0.120078122285281,0.129909718181799,0
-0.574542029709093,-0.0544314884383522,-0.500543983802817,-0.270075381827067,-0.942517741739478,-0.14029770754332,-0.556118422118204,0.52067621008282,0.035192218116365,0.25254287566639,0
-0.205829162596564,0.779533091145806,1.51552803047324,-0.248845790088018,0.882610426776984,-0.45144050864042,1.2749846079567,-0.251457036582139,-0.415282295972366,-0.0431377002908507,0
-1.33237948507806,-0.320190832398,0.545369415307553,0.989223068948598,0.0876663754135786,0.6391457438619,-0.865609852895084,-0.212630939856632,1.01469564235229,0.00787124548953391,0
-1.18667288306593,-1.02276762252622,0.512981013024815,-0.710696839682683,0.685306968496727,-2.90340010271749,-0.302624702556139,-0.963314003117654,-0.773324872540656,-0.762343414872433,0
0.904882123560833,0.225504354569224,0.112410816007005,-0.581969390463683,0.787635227185898,0.96609761276643,0.107756681331744,0.9743854222899,0.403981326741704,0.511377870902551,0
-1.09111247050382,0.333347848669658,0.713587371813849,-0.950161791749609,0.722552524243287,0.000981491649635152,0.402584615872729,0.518364396588773,0.100608723200072,0.548153469691158,0
-0.903130816666893,0.805808708067433,-0.114317084316561,-2.24590520802573,0.665079267144418,-0.767616869621362,-0.108116162742256,-0.559220933790878,-1.41227118083656,-1.34018944482414,0
0.0447888607281152,-1.0542829827566,-0.939774373070538,-1.45984799311538,-0.654031306439348,-2.19507739541538,0.732436415425754,-0.799661958333886,-1.30607475290637,0.0219377870266282,1
-0.882589486977292,-0.0947507504388122,-0.650962160440466,-1.8178635968141,-0.277918862914948,0.218692903335351,-0.639052376210238,1.56987036928665,-2.08588535061283,-0.278295559003731,0
-0.0433929820927888,-1.36616035531291,1.11278955243616,-0.217379974673103,0.513791855128627,0.40789824832257,0.442469962555887,0.873706514786335,1.08145445045706,1.3507337664843,0
0.0578218906572246,0.161756012965617,1.67767518718873,-0.0520109890374707,0.15422838319506,1.05071177676507,-1.03067853959694,0.516716250901751,0.736583299332643,-0.5901030876221,0
0.444032006793676,-0.160531623592905,-0.227318073740204,-1.31865826943764,-1.4929544347439,0.546759069500884,0.0464942357942848,0.388223771640791,-0.906782209011281,-0.360461688242027,0
-0.404516679052423,0.644777837394824,-1.86710444725852,-1.1662792170582,1.36884318489279,1.44098649611038,1.46889562110764,1.1467032006712,0.333245188957367,2.12954417174159,0
-0.334321256758385,-1.2992609192701,-0.9527566405227,-0.584989766795423,-2.12102192671105,-0.537718026857769,-1.23356003599821,0.935354211609114,1.62802206537406,1.05255982456689,0
2.08818050048799,1.32442911025307,-0.241865892999191,-0.670977523192882,1.02655995800529,0.281598276721898,-0.558902988260355,-0.531304651414089,0.488063630179358,-1.01173879314037,0
0.282990554798131,0.343200554124521,0.717413363899139,0.430887781675796,-0.201738809946881,-0.0647214141080388,0.318433757580519,0.624481899805569,0.626344622875378,0.550020837447267,0
-1.83484746565019,0.215667197160437,1.25303715108311,-0.00533378109864062,-0.305941291730116,-1.02016827595685,0.148767258458653,-0.842544575608821,-1.12097751814669,-0.934914095380409,0
0.32777724857013,-1.4802582041835,-1.24199673599697,-1.83705639558092,-0.273680140159601,0.760749728445134,0.577987897529057,-0.586852050482993,-0.41587026624191,0.131292046452703,0
-0.101283856113834,-1.04623435174123,-0.952459404335734,-0.342403385145316,-1.02144112490639,0.373712332383881,-0.3514306047934,0.710398086735563,1.1162693381582,1.18410235144367,0
0.135055769670289,0.644993251604441,1.36036614848647,0.492880652989379,0.776475652072986,0.770446816293973,0.259377954258495,-0.957748018846952,1.40410418122992,-0.378787106089874,0
-0.667000503883208,-0.582983484511663,0.280494033121559,-1.33917480497662,0.273743017390987,1.46722774814929,-1.38006469705414,-0.862696509568314,1.16754970901828,-0.705275198583875,0
1.08628568451571,-2.19485090324675,1.54920407266528,0.0916003392659445,-0.225390676593178,-0.575503824752419,-1.52274003193238,-0.224921829476985,0.131411152952018,-1.11989222970438,0
-0.087208594848198,1.81334924426103,0.290400449671764,1.48372631823029,1.78747436721088,0.830856229643719,0.793979604981363,2.04142945500949,0.743791481237985,1.54961299750464,0
0.72194149855513,0.347776997708821,-0.338401507970327,0.296373082616177,-1.17733955470309,-1.19309993900316,0.720112629831934,-0.464600108790355,1.4132901426371,0.664375354221129,0
-0.134848816332107,-0.315522474154126,-2.12710201611436,-1.02149414752439,-1.5164175041424,-2.07050002838589,-1.33448442891135,-0.693158701886848,-1.11476401589127,-0.912497776857603,1
0.0513216709327715,3.04304295186323,-0.424734591181155,-0.660233168848921,-0.780051005722364,0.0248933139319033,-1.3944956667928,-0.500306408886989,-1.12437974115103,-2.09940342314882,0
-1.29611654947937,0.899139218786011,1.41447978228525,0.0879360822577133,-0.266429846473373,-0.893764510149043,-1.46087293368812,0.225486070282735,-0.255614779016461,-1.08191880171122,0
-0.463373878697323,0.71142003626319,0.449705410731492,0.253800992447544,0.643421126850396,0.572311791316979,0.042417591550157,0.606995322285309,1.06005574005161,0.651781891302361,0
-0.037200362078677,1.55950529690704,-0.382505754738991,0.170010435592362,-1.5963472153784,-0.271169221727366,0.00336169135909924,0.814290879495481,-0.154348956471874,0.271056960505794,0
0.276276568998592,0.0437119292127328,0.772729009343049,2.22097915454163,-1.97275460537405,1.6234478319071,0.433815991261894,-0.298709709178041,1.10644680791181,0.31190795885229,0
1.20073850930012,0.42658076752398,0.0204665644242276,0.509490969181964,1.00860870260453,-0.19032177549977,1.08424343483715,2.05519040520572,-0.513508126238867,1.42045051874267,0
1.00819803587423,-0.44584271602942,1.09979119386943,1.59175882593005,0.347141476581327,2.50782956013664,0.888498790794099,-0.214374372016433,0.204605401463038,-0.185387719272576,0
0.518526778827452,-0.552960674989734,-0.236464189582353,-0.493531043885946,-0.66344728859621,-0.33459458116146,-0.0195647755566234,-0.56234613604063,0.228442155955323,-0.0861030792825284,0
-0.621605668606798,-0.826868308313471,-0.167613938315757,0.620776051616064,-1.12617064453429,0.606961920755668,-0.13523336991817,-0.0990132927049494,-1.49211214769514,-0.640828980406963,0
0.340470127536656,-1.24448590438169,0.286630937577071,-0.797024226837276,0.812411336466528,-1.42425471813175,0.18357462814479,-0.493185894433735,-0.447752173517247,-0.232577785651946,0
-1.11808594191774,0.55373772980245,0.762471429759207,-0.342842049553534,0.19392684484276,0.59787651062797,0.000311895075334276,0.433809603171944,-0.318204896957338,0.033967210399643,0
-0.494980748280756,-1.05330239534167,-0.973132635180333,1.03444788684379,1.32416726928129,0.7660902678335,0.610982241852983,-0.063390731571641,-0.00870836342384057,0.827680261268553,0
0.398960088384694,-0.677219984146439,-0.711286469954405,-0.549442664947778,-0.00728383182395892,-0.688057332772057,0.754419309855238,-0.0902845552090743,-0.900164297610952,0.0852761925279807,0
2.25579724814716,-0.394041569153939,-1.54363365572805,-0.299037936075408,0.756121570772389,0.747367290907888,1.1938956157273,-0.123581370631107,0.37334937315158,0.910076538848903,0
-0.152507482047122,3.04169557968755,1.11175529411463,0.938030899072379,0.533608553052287,0.805899486765947,0.412401379108699,0.407304693008569,0.566504431300483,0.0206657488196367,0
-0.193213378663664,-0.472938073385303,-1.1689519333991,-0.259895872531181,0.225764202057065,0.791663846468466,0.562731844698025,-0.783122341500779,0.435323443650161,0.386233150493111,0
0.962168421326542,-0.820246936083668,1.13913933150008,0.248328058950879,2.77482205513363,-1.01774746430999,0.594057671747126,-0.00561374058231243,0.808864818498378,0.528693522785291,0
-1.1966400998728,-0.655854894961249,-0.332588801501849,-0.136614516723836,1.22977270020665,0.215056062223099,-0.358537688649766,1.19523875120127,1.00714490223655,1.18492275741441,0
0.448494221740515,-0.274193002803572,-0.82815525041301,0.267429812548219,0.643517193228187,0.361857204562274,-0.762487476611874,0.547415357872257,-1.06401085491604,-0.255928409713506,0
2.34581235934559,-0.869866611791497,-0.398162818871031,0.55768858766779,0.389897651645786,-0.669023628975012,0.466186690536799,-1.13739498170487,-0.265221535940706,-0.750992977028327,0
0.0325931987205206,0.41529621602051,-1.25226704681863,-0.86991758827097,-1.02428584792161,-1.80779616860153,0.251497956739513,-0.526951383548354,-1.89687621198028,-0.724466132336988,1
-2.03530249767235,0.131446065995505,0.816467338658426,-0.97424996363886,1.31142280757921,0.464557023775998,0.0601755187109413,-1.25592857362557,-1.1549421568939,-1.29993627038606,0
-0.195779409002979,-1.45932096619843,0.810662273477112,-0.467871116256727,0.610001793892174,0.593174797288331,0.981985518468213,0.448903757811579,0.0359285843252866,1.08280205699787,0
-1.10042622241945,-2.02971997538914,0.943373909168521,1.19477239375328,1.045482942917,0.0896449396890221,0.338580859189672,-0.0764645369458062,0.930160336462741,1.03767891912664,0
0.137453253842816,2.11915091245384,2.39535774292656,-1.49176748219633,-1.2091221403061,1.42002284644081,-0.835263306187193,1.30477313982696,2.98271584097644,0.30046173394464,0
